0 0 0.000000
0 1 0.000000
0 2 0.000000
0 3 0.000000
0 4 0.000000
0 5 0.000000
0 6 0.000000
0 7 0.000000
0 8 0.000000
0 9 0.000000
0 10 0.000000
0 11 0.000000
0 12 0.000000
0 13 0.000000
0 14 0.000000
0 15 0.000000
0 16 0.000000
0 17 0.000000
0 18 0.000000
0 19 0.000000
0 20 0.000000
0 21 0.000000
0 22 0.000000
0 23 0.000000
0 24 0.000000
0 25 0.000000
0 26 0.000000
0 27 0.000000
0 28 0.000000
0 29 0.000000
0 30 0.000000
0 31 0.000000
0 32 0.000000
0 33 0.000000
0 34 0.000000
0 35 0.000000
0 36 0.000000
0 37 0.000000
0 38 0.000000
0 39 0.000000
0 40 0.000000
0 41 0.000000
0 42 0.000000
0 43 0.000000
0 44 0.000000
0 45 0.000000
0 46 0.000000
0 47 0.000000
0 48 0.000000
0 49 0.000000
0 50 0.000000
0 51 0.000000
0 52 0.000000
0 53 0.000000
0 54 0.000000
0 55 0.000000
0 56 0.000000
0 57 0.000000
0 58 0.000000
0 59 0.000000
0 60 0.000000
0 61 0.000000
0 62 0.000000
0 63 0.000000
0 64 0.000000

1 0 0.000000
1 1 -2.213588
1 2 -4.427177
1 3 -4.587749
1 4 -4.748322
1 5 -4.625149
1 6 -4.501976
1 7 -4.610723
1 8 -4.719470
1 9 -4.673329
1 10 -4.627188
1 11 -4.631038
1 12 -4.634889
1 13 -4.598673
1 14 -4.562457
1 15 -4.676349
1 16 -4.790241
1 17 -4.653379
1 18 -4.516518
1 19 -4.595207
1 20 -4.673896
1 21 -4.657268
1 22 -4.640639
1 23 -4.660506
1 24 -4.680374
1 25 -4.599005
1 26 -4.517636
1 27 -4.650042
1 28 -4.782448
1 29 -4.670855
1 30 -4.559262
1 31 -4.601983
1 32 -4.644703
1 33 -4.638027
1 34 -4.631352
1 35 -4.674662
1 36 -4.717971
1 37 -4.603134
1 38 -4.488297
1 39 -4.627032
1 40 -4.765766
1 41 -4.681567
1 42 -4.597368
1 43 -4.607073
1 44 -4.616778
1 45 -4.608383
1 46 -4.599988
1 47 -4.682451
1 48 -4.764914
1 49 -4.627641
1 50 -4.490367
1 51 -4.605598
1 52 -4.720829
1 53 -4.673533
1 54 -4.626238
1 55 -4.630005
1 56 -4.633772
1 57 -4.604564
1 58 -4.575356
1 59 -4.673761
1 60 -4.772166
1 61 -4.556001
1 62 -4.339836
1 63 -2.169918
1 64 0.000000

2 0 0.000000
2 1 -4.427177
2 2 -8.854354
2 3 -9.175499
2 4 -9.496645
2 5 -9.250298
2 6 -9.003951
2 7 -9.221445
2 8 -9.438940
2 9 -9.346658
2 10 -9.254375
2 11 -9.262076
2 12 -9.269777
2 13 -9.197346
2 14 -9.124914
2 15 -9.352698
2 16 -9.580482
2 17 -9.306759
2 18 -9.033035
2 19 -9.190413
2 20 -9.347792
2 21 -9.314535
2 22 -9.281279
2 23 -9.321012
2 24 -9.360747
2 25 -9.198009
2 26 -9.035273
2 27 -9.300084
2 28 -9.564896
2 29 -9.341710
2 30 -9.118525
2 31 -9.203965
2 32 -9.289406
2 33 -9.276054
2 34 -9.262704
2 35 -9.349323
2 36 -9.435942
2 37 -9.206268
2 38 -8.976595
2 39 -9.254064
2 40 -9.531532
2 41 -9.363134
2 42 -9.194736
2 43 -9.214146
2 44 -9.233557
2 45 -9.216766
2 46 -9.199976
2 47 -9.364902
2 48 -9.529828
2 49 -9.255281
2 50 -8.980734
2 51 -9.211196
2 52 -9.441658
2 53 -9.347067
2 54 -9.252476
2 55 -9.260010
2 56 -9.267544
2 57 -9.209127
2 58 -9.150711
2 59 -9.347522
2 60 -9.544333
2 61 -9.112002
2 62 -8.679672
2 63 -4.339836
2 64 0.000000

3 0 0.000000
3 1 -4.384367
3 2 -8.768735
3 3 -8.913655
3 4 -9.058577
3 5 -8.877522
3 6 -8.696466
3 7 -8.849345
3 8 -9.002224
3 9 -9.001759
3 10 -9.001294
3 11 -8.914835
3 12 -8.828376
3 13 -8.840499
3 14 -8.852622
3 15 -9.030077
3 16 -9.207532
3 17 -8.981312
3 18 -8.755091
3 19 -8.831651
3 20 -8.908211
3 21 -8.977627
3 22 -9.047043
3 23 -8.995809
3 24 -8.944574
3 25 -8.851532
3 26 -8.758490
3 27 -8.964017
3 28 -9.169544
3 29 -9.009798
3 30 -8.850052
3 31 -8.861505
3 32 -8.872957
3 33 -8.948630
3 34 -9.024303
3 35 -9.016653
3 36 -9.009003
3 37 -8.853874
3 38 -8.698745
3 39 -8.921936
3 40 -9.145128
3 41 -9.040767
3 42 -8.936405
3 43 -8.862837
3 44 -8.789268
3 45 -8.865887
3 46 -8.942505
3 47 -9.042528
3 48 -9.142552
3 49 -8.921860
3 50 -8.701168
3 51 -8.859011
3 52 -9.016853
3 53 -9.007939
3 54 -8.999025
3 55 -8.906654
3 56 -8.814282
3 57 -8.832035
3 58 -8.849787
3 59 -8.984161
3 60 -9.118537
3 61 -8.845860
3 62 -8.573181
3 63 -4.286591
3 64 0.000000

4 0 0.000000
4 1 -4.341558
4 2 -8.683116
4 3 -8.651812
4 4 -8.620507
4 5 -8.504744
4 6 -8.388981
4 7 -8.477244
4 8 -8.565508
4 9 -8.656860
4 10 -8.748213
4 11 -8.567594
4 12 -8.386974
4 13 -8.483652
4 14 -8.580330
4 15 -8.707456
4 16 -8.834581
4 17 -8.655864
4 18 -8.477146
4 19 -8.472888
4 20 -8.468630
4 21 -8.640718
4 22 -8.812808
4 23 -8.670605
4 24 -8.528401
4 25 -8.505054
4 26 -8.481707
4 27 -8.627951
4 28 -8.774194
4 29 -8.677886
4 30 -8.581578
4 31 -8.519043
4 32 -8.456509
4 33 -8.621206
4 34 -8.785904
4 35 -8.683984
4 36 -8.582064
4 37 -8.501479
4 38 -8.420895
4 39 -8.589809
4 40 -8.758724
4 41 -8.718399
4 42 -8.678075
4 43 -8.511527
4 44 -8.344979
4 45 -8.515007
4 46 -8.685034
4 47 -8.720156
4 48 -8.755277
4 49 -8.588439
4 50 -8.421601
4 51 -8.506824
4 52 -8.592049
4 53 -8.668812
4 54 -8.745575
4 55 -8.553298
4 56 -8.361021
4 57 -8.454942
4 58 -8.548862
4 59 -8.620802
4 60 -8.692741
4 61 -8.579716
4 62 -8.466690
4 63 -4.233345
4 64 0.000000

5 0 0.000000
5 1 -4.284854
5 2 -8.569708
5 3 -8.606502
5 4 -8.643295
5 5 -8.724828
5 6 -8.806360
5 7 -8.746597
5 8 -8.686834
5 9 -8.689281
5 10 -8.691729
5 11 -8.719400
5 12 -8.747072
5 13 -8.758408
5 14 -8.769742
5 15 -8.746430
5 16 -8.723118
5 17 -8.759107
5 18 -8.795095
5 19 -8.759634
5 20 -8.724172
5 21 -8.717661
5 22 -8.711151
5 23 -8.739882
5 24 -8.768615
5 25 -8.783624
5 26 -8.798634
5 27 -8.742597
5 28 -8.686560
5 29 -8.733757
5 30 -8.780954
5 31 -8.792563
5 32 -8.804173
5 33 -8.768398
5 34 -8.732625
5 35 -8.722263
5 36 -8.711902
5 37 -8.765810
5 38 -8.819717
5 39 -8.775119
5 40 -8.730520
5 41 -8.734264
5 42 -8.738010
5 43 -8.746111
5 44 -8.754211
5 45 -8.744979
5 46 -8.735746
5 47 -8.733932
5 48 -8.732119
5 49 -8.776772
5 50 -8.821426
5 51 -8.762836
5 52 -8.704247
5 53 -8.698156
5 54 -8.692066
5 55 -8.710561
5 56 -8.729055
5 57 -8.740808
5 58 -8.752562
5 59 -8.693169
5 60 -8.633775
5 61 -8.633032
5 62 -8.632288
5 63 -4.316144
5 64 0.000000

6 0 0.000000
6 1 -4.228150
6 2 -8.456301
6 3 -8.561193
6 4 -8.666084
6 5 -8.944912
6 6 -9.223740
6 7 -9.015950
6 8 -8.808161
6 9 -8.721703
6 10 -8.635245
6 11 -8.871208
6 12 -9.107170
6 13 -9.033162
6 14 -8.959154
6 15 -8.785404
6 16 -8.611655
6 17 -8.862350
6 18 -9.113044
6 19 -9.046379
6 20 -8.979713
6 21 -8.794603
6 22 -8.609493
6 23 -8.809160
6 24 -9.008828
6 25 -9.062194
6 26 -9.115560
6 27 -8.857243
6 28 -8.598926
6 29 -8.789628
6 30 -8.980330
6 31 -9.066084
6 32 -9.151836
6 33 -8.915591
6 34 -8.679346
6 35 -8.760543
6 36 -8.841740
6 37 -9.030140
6 38 -9.218540
6 39 -8.960428
6 40 -8.702316
6 41 -8.750131
6 42 -8.797945
6 43 -8.980694
6 44 -9.163444
6 45 -8.974951
6 46 -8.786458
6 47 -8.747709
6 48 -8.708960
6 49 -8.965105
6 50 -9.221251
6 51 -9.018848
6 52 -8.816445
6 53 -8.727501
6 54 -8.638557
6 55 -8.867823
6 56 -9.097089
6 57 -9.026674
6 58 -8.956261
6 59 -8.765534
6 60 -8.574808
6 61 -8.686348
6 62 -8.797887
6 63 -4.398943
6 64 0.000000

7 0 0.000000
7 1 -4.480677
7 2 -8.961353
7 3 -9.029935
7 4 -9.098516
7 5 -9.224514
7 6 -9.350512
7 7 -9.244755
7 8 -9.138997
7 9 -9.111991
7 10 -9.084986
7 11 -9.181244
7 12 -9.277502
7 13 -9.260437
7 14 -9.243371
7 15 -9.162563
7 16 -9.081757
7 17 -9.193187
7 18 -9.304617
7 19 -9.267352
7 20 -9.230087
7 21 -9.158287
7 22 -9.086487
7 23 -9.172371
7 24 -9.258257
7 25 -9.284387
7 26 -9.310516
7 27 -9.191567
7 28 -9.072618
7 29 -9.167937
7 30 -9.263256
7 31 -9.296833
7 32 -9.330410
7 33 -9.229970
7 34 -9.129530
7 35 -9.155245
7 36 -9.180960
7 37 -9.265703
7 38 -9.350447
7 39 -9.238329
7 40 -9.126211
7 41 -9.149087
7 42 -9.171963
7 43 -9.236486
7 44 -9.301009
7 45 -9.233517
7 46 -9.166024
7 47 -9.146317
7 48 -9.126609
7 49 -9.238287
7 50 -9.349966
7 51 -9.255104
7 52 -9.160244
7 53 -9.123732
7 54 -9.087219
7 55 -9.171926
7 56 -9.256634
7 57 -9.249365
7 58 -9.242096
7 59 -9.149178
7 60 -9.056259
7 61 -9.079098
7 62 -9.101936
7 63 -4.550968
7 64 0.000000

8 0 0.000000
8 1 -4.733203
8 2 -9.466406
8 3 -9.498678
8 4 -9.530950
8 5 -9.504116
8 6 -9.477283
8 7 -9.473558
8 8 -9.469833
8 9 -9.502279
8 10 -9.534725
8 11 -9.491280
8 12 -9.447835
8 13 -9.487711
8 14 -9.527588
8 15 -9.539722
8 16 -9.551858
8 17 -9.524023
8 18 -9.496189
8 19 -9.488325
8 20 -9.480462
8 21 -9.521971
8 22 -9.563480
8 23 -9.535583
8 24 -9.507685
8 25 -9.506578
8 26 -9.505473
8 27 -9.525892
8 28 -9.546311
8 29 -9.546246
8 30 -9.546181
8 31 -9.527582
8 32 -9.508984
8 33 -9.544349
8 34 -9.579714
8 35 -9.549946
8 36 -9.520179
8 37 -9.501266
8 38 -9.482354
8 39 -9.516230
8 40 -9.550105
8 41 -9.548042
8 42 -9.545980
8 43 -9.492277
8 44 -9.438575
8 45 -9.492083
8 46 -9.545590
8 47 -9.544924
8 48 -9.544258
8 49 -9.511470
8 50 -9.478682
8 51 -9.491362
8 52 -9.504042
8 53 -9.519960
8 54 -9.535880
8 55 -9.476028
8 56 -9.416178
8 57 -9.472054
8 58 -9.527930
8 59 -9.532821
8 60 -9.537711
8 61 -9.471848
8 62 -9.405986
8 63 -4.702993
8 64 0.000000

9 0 0.000000
9 1 -4.511084
9 2 -9.022168
9 3 -9.117054
9 4 -9.211941
9 5 -9.101468
9 6 -8.990995
9 7 -9.042296
9 8 -9.093597
9 9 -9.162899
9 10 -9.232200
9 11 -9.100065
9 12 -8.967930
9 13 -9.036438
9 14 -9.104947
9 15 -9.176987
9 16 -9.249027
9 17 -9.132767
9 18 -9.016506
9 19 -9.025331
9 20 -9.034155
9 21 -9.153838
9 22 -9.273521
9 23 -9.160622
9 24 -9.047721
9 25 -9.036431
9 26 -9.025142
9 27 -9.136870
9 28 -9.248598
9 29 -9.182008
9 30 -9.115417
9 31 -9.060225
9 32 -9.005032
9 33 -9.135680
9 34 -9.266329
9 35 -9.194529
9 36 -9.122726
9 37 -9.046549
9 38 -8.970373
9 39 -9.086969
9 40 -9.203566
9 41 -9.189992
9 42 -9.176418
9 43 -9.056317
9 44 -8.936215
9 45 -9.058706
9 46 -9.181197
9 47 -9.190585
9 48 -9.199973
9 49 -9.086518
9 50 -8.973064
9 51 -9.047267
9 52 -9.121469
9 53 -9.177097
9 54 -9.232725
9 55 -9.088755
9 56 -8.944785
9 57 -9.036289
9 58 -9.127792
9 59 -9.193346
9 60 -9.258898
9 61 -9.053817
9 62 -8.848735
9 63 -4.424367
9 64 0.000000

10 0 0.000000
10 1 -4.288965
10 2 -8.577930
10 3 -8.735431
10 4 -8.892931
10 5 -8.698820
10 6 -8.504708
10 7 -8.611034
10 8 -8.717361
10 9 -8.823518
10 10 -8.929674
10 11 -8.708849
10 12 -8.488024
10 13 -8.585165
10 14 -8.682306
10 15 -8.814251
10 16 -8.946196
10 17 -8.741509
10 18 -8.536823
10 19 -8.562336
10 20 -8.587848
10 21 -8.785706
10 22 -8.983562
10 23 -8.785660
10 24 -8.587757
10 25 -8.566284
10 26 -8.544810
10 27 -8.747848
10 28 -8.950885
10 29 -8.817770
10 30 -8.684655
10 31 -8.592867
10 32 -8.501080
10 33 -8.727011
10 34 -8.952943
10 35 -8.839109
10 36 -8.725275
10 37 -8.591833
10 38 -8.458391
10 39 -8.657708
10 40 -8.857025
10 41 -8.831941
10 42 -8.806856
10 43 -8.620356
10 44 -8.433856
10 45 -8.625330
10 46 -8.816804
10 47 -8.836246
10 48 -8.855688
10 49 -8.661568
10 50 -8.467446
10 51 -8.603171
10 52 -8.738896
10 53 -8.834232
10 54 -8.929569
10 55 -8.701481
10 56 -8.473392
10 57 -8.600524
10 58 -8.727655
10 59 -8.853870
10 60 -8.980085
10 61 -8.635784
10 62 -8.291484
10 63 -4.145742
10 64 0.000000

11 0 0.000000
11 1 -4.288048
11 2 -8.576096
11 3 -8.642254
11 4 -8.708413
11 5 -8.718725
11 6 -8.729036
11 7 -8.689916
11 8 -8.650795
11 9 -8.671203
11 10 -8.691610
11 11 -8.696760
11 12 -8.701910
11 13 -8.695779
11 14 -8.689648
11 15 -8.679062
11 16 -8.668476
11 17 -8.671562
11 18 -8.674648
11 19 -8.672825
11 20 -8.671001
11 21 -8.678213
11 22 -8.685424
11 23 -8.674962
11 24 -8.664500
11 25 -8.669878
11 26 -8.675257
11 27 -8.674459
11 28 -8.673662
11 29 -8.679134
11 30 -8.684607
11 31 -8.684395
11 32 -8.684184
11 33 -8.688829
11 34 -8.693474
11 35 -8.681510
11 36 -8.669546
11 37 -8.672338
11 38 -8.675130
11 39 -8.665991
11 40 -8.656853
11 41 -8.665267
11 42 -8.673681
11 43 -8.676778
11 44 -8.679874
11 45 -8.678822
11 46 -8.677770
11 47 -8.672703
11 48 -8.667635
11 49 -8.681514
11 50 -8.695394
11 51 -8.694502
11 52 -8.693610
11 53 -8.694147
11 54 -8.694684
11 55 -8.680012
11 56 -8.665339
11 57 -8.697237
11 58 -8.729136
11 59 -8.721464
11 60 -8.713792
11 61 -8.647770
11 62 -8.581747
11 63 -4.290874
11 64 0.000000

12 0 0.000000
12 1 -4.287130
12 2 -8.574260
12 3 -8.549078
12 4 -8.523895
12 5 -8.738629
12 6 -8.953363
12 7 -8.768796
12 8 -8.584229
12 9 -8.518887
12 10 -8.453546
12 11 -8.684671
12 12 -8.915797
12 13 -8.806393
12 14 -8.696988
12 15 -8.543872
12 16 -8.390756
12 17 -8.601614
12 18 -8.812473
12 19 -8.783314
12 20 -8.754155
12 21 -8.570721
12 22 -8.387285
12 23 -8.564264
12 24 -8.741243
12 25 -8.773473
12 26 -8.805702
12 27 -8.601071
12 28 -8.396441
12 29 -8.540499
12 30 -8.684557
12 31 -8.775923
12 32 -8.867289
12 33 -8.650646
12 34 -8.434005
12 35 -8.523911
12 36 -8.613817
12 37 -8.752843
12 38 -8.891869
12 39 -8.674274
12 40 -8.456680
12 41 -8.498594
12 42 -8.540507
12 43 -8.733200
12 44 -8.925892
12 45 -8.732313
12 46 -8.538735
12 47 -8.509159
12 48 -8.479583
12 49 -8.701462
12 50 -8.923341
12 51 -8.785832
12 52 -8.648324
12 53 -8.554062
12 54 -8.459799
12 55 -8.658543
12 56 -8.857286
12 57 -8.793951
12 58 -8.730616
12 59 -8.589057
12 60 -8.447498
12 61 -8.659755
12 62 -8.872011
12 63 -4.436006
12 64 0.000000

13 0 0.000000
13 1 -4.429305
13 2 -8.858610
13 3 -8.932605
13 4 -9.006599
13 5 -9.130296
13 6 -9.253992
13 7 -9.137564
13 8 -9.021135
13 9 -8.973242
13 10 -8.925348
13 11 -9.060776
13 12 -9.196201
13 13 -9.126917
13 14 -9.057634
13 15 -8.965579
13 16 -8.873524
13 17 -8.991346
13 18 -9.109168
13 19 -9.097369
13 20 -9.085569
13 21 -8.969804
13 22 -8.854038
13 23 -8.963993
13 24 -9.073949
13 25 -9.088105
13 26 -9.102262
13 27 -8.986526
13 28 -8.870790
13 29 -8.952452
13 30 -9.034115
13 31 -9.087983
13 32 -9.141851
13 33 -9.011558
13 34 -8.881264
13 35 -8.941548
13 36 -9.001833
13 37 -9.074170
13 38 -9.146507
13 39 -9.026142
13 40 -8.905778
13 41 -8.927229
13 42 -8.948681
13 43 -9.063004
13 44 -9.177326
13 45 -9.063976
13 46 -8.950626
13 47 -8.939863
13 48 -8.929100
13 49 -9.056367
13 50 -9.183634
13 51 -9.115952
13 52 -9.048270
13 53 -8.989696
13 54 -8.931122
13 55 -9.053275
13 56 -9.175428
13 57 -9.154015
13 58 -9.132602
13 59 -9.046017
13 60 -8.959433
13 61 -8.992979
13 62 -9.026525
13 63 -4.513262
13 64 0.000000

14 0 0.000000
14 1 -4.571480
14 2 -9.142960
14 3 -9.316132
14 4 -9.489304
14 5 -9.521961
14 6 -9.554620
14 7 -9.506331
14 8 -9.458043
14 9 -9.427597
14 10 -9.397152
14 11 -9.436879
14 12 -9.476606
14 13 -9.447443
14 14 -9.418280
14 15 -9.387286
14 16 -9.356293
14 17 -9.381078
14 18 -9.405863
14 19 -9.411424
14 20 -9.416985
14 21 -9.368888
14 22 -9.320791
14 23 -9.363723
14 24 -9.406654
14 25 -9.402738
14 26 -9.398821
14 27 -9.371980
14 28 -9.345139
14 29 -9.364406
14 30 -9.383673
14 31 -9.400043
14 32 -9.416414
14 33 -9.372468
14 34 -9.328522
14 35 -9.359185
14 36 -9.389849
14 37 -9.395496
14 38 -9.401145
14 39 -9.378010
14 40 -9.354876
14 41 -9.355865
14 42 -9.356855
14 43 -9.392809
14 44 -9.428761
14 45 -9.395639
14 46 -9.362517
14 47 -9.370567
14 48 -9.378616
14 49 -9.411272
14 50 -9.443927
14 51 -9.446072
14 52 -9.448216
14 53 -9.425330
14 54 -9.402444
14 55 -9.448008
14 56 -9.493570
14 57 -9.514079
14 58 -9.534588
14 59 -9.502977
14 60 -9.471366
14 61 -9.326202
14 62 -9.181038
14 63 -4.590519
14 64 0.000000

15 0 0.000000
15 1 -4.534887
15 2 -9.069774
15 3 -9.180309
15 4 -9.290844
15 5 -9.180316
15 6 -9.069789
15 7 -9.105727
15 8 -9.141665
15 9 -9.180092
15 10 -9.218520
15 11 -9.110749
15 12 -9.002978
15 13 -9.036118
15 14 -9.069257
15 15 -9.126889
15 16 -9.184522
15 17 -9.078448
15 18 -8.972374
15 19 -8.990288
15 20 -9.008202
15 21 -9.088567
15 22 -9.168932
15 23 -9.079976
15 24 -8.991020
15 25 -8.977676
15 26 -8.964334
15 27 -9.070014
15 28 -9.175695
15 29 -9.100019
15 30 -9.024343
15 31 -8.976598
15 32 -8.928852
15 33 -9.035178
15 34 -9.141504
15 35 -9.103352
15 36 -9.065199
15 37 -8.990505
15 38 -8.915812
15 39 -9.019825
15 40 -9.123839
15 41 -9.107484
15 42 -9.091127
15 43 -9.005420
15 44 -8.919712
15 45 -9.011707
15 46 -9.103703
15 47 -9.123237
15 48 -9.142771
15 49 -9.052299
15 50 -8.961826
15 51 -9.050917
15 52 -9.140009
15 53 -9.180807
15 54 -9.221605
15 55 -9.117497
15 56 -9.013390
15 57 -9.098573
15 58 -9.183756
15 59 -9.257361
15 60 -9.330967
15 61 -9.128527
15 62 -8.926086
15 63 -4.463043
15 64 0.000000

16 0 0.000000
16 1 -4.498294
16 2 -8.996588
16 3 -9.044486
16 4 -9.092384
16 5 -8.838671
16 6 -8.584958
16 7 -8.705122
16 8 -8.825287
16 9 -8.932588
16 10 -9.039888
16 11 -8.784619
16 12 -8.529350
16 13 -8.624792
16 14 -8.720234
16 15 -8.866492
16 16 -9.012751
16 17 -8.775818
16 18 -8.538886
16 19 -8.569153
16 20 -8.599420
16 21 -8.808247
16 22 -9.017074
16 23 -8.796230
16 24 -8.575387
16 25 -8.552616
16 26 -8.529846
16 27 -8.768049
16 28 -9.006251
16 29 -8.835633
16 30 -8.665015
16 31 -8.553153
16 32 -8.441291
16 33 -8.697889
16 34 -8.954488
16 35 -8.847518
16 36 -8.740548
16 37 -8.585514
16 38 -8.430479
16 39 -8.661641
16 40 -8.892803
16 41 -8.859102
16 42 -8.825400
16 43 -8.618032
16 44 -8.410664
16 45 -8.627775
16 46 -8.844887
16 47 -8.875906
16 48 -8.906926
16 49 -8.693327
16 50 -8.479727
16 51 -8.655764
16 52 -8.831800
16 53 -8.936283
16 54 -9.040767
16 55 -8.786987
16 56 -8.533208
16 57 -8.683066
16 58 -8.832925
16 59 -9.011745
16 60 -9.190567
16 61 -8.930851
16 62 -8.671135
16 63 -4.335567
16 64 0.000000

17 0 0.000000
17 1 -4.314692
17 2 -8.629385
17 3 -8.718735
17 4 -8.808085
17 5 -8.773273
17 6 -8.738460
17 7 -8.717772
17 8 -8.697083
17 9 -8.716747
17 10 -8.736410
17 11 -8.687190
17 12 -8.637970
17 13 -8.644117
17 14 -8.650264
17 15 -8.660958
17 16 -8.671652
17 17 -8.633612
17 18 -8.595572
17 19 -8.592806
17 20 -8.590041
17 21 -8.625097
17 22 -8.660154
17 23 -8.616664
17 24 -8.573174
17 25 -8.576903
17 26 -8.580633
17 27 -8.616098
17 28 -8.651564
17 29 -8.621283
17 30 -8.591002
17 31 -8.567159
17 32 -8.543316
17 33 -8.589207
17 34 -8.635098
17 35 -8.616594
17 36 -8.598093
17 37 -8.582400
17 38 -8.566708
17 39 -8.595996
17 40 -8.625284
17 41 -8.624517
17 42 -8.623750
17 43 -8.592723
17 44 -8.561695
17 45 -8.598689
17 46 -8.635683
17 47 -8.643177
17 48 -8.650671
17 49 -8.637532
17 50 -8.624393
17 51 -8.655779
17 52 -8.687163
17 53 -8.713340
17 54 -8.739516
17 55 -8.697393
17 56 -8.655270
17 57 -8.712020
17 58 -8.768770
17 59 -8.798543
17 60 -8.828316
17 61 -8.707461
17 62 -8.586607
17 63 -4.293303
17 64 0.000000

18 0 0.000000
18 1 -4.131091
18 2 -8.262182
18 3 -8.392984
18 4 -8.523787
18 5 -8.707874
18 6 -8.891961
18 7 -8.730421
18 8 -8.568880
18 9 -8.500906
18 10 -8.432932
18 11 -8.589761
18 12 -8.746590
18 13 -8.663442
18 14 -8.580294
18 15 -8.455423
18 16 -8.330554
18 17 -8.491405
18 18 -8.652257
18 19 -8.616460
18 20 -8.580663
18 21 -8.441948
18 22 -8.303234
18 23 -8.437098
18 24 -8.570961
18 25 -8.601191
18 26 -8.631421
18 27 -8.464149
18 28 -8.296877
18 29 -8.406933
18 30 -8.516989
18 31 -8.581165
18 32 -8.645341
18 33 -8.480524
18 34 -8.315707
18 35 -8.385672
18 36 -8.455637
18 37 -8.579287
18 38 -8.702936
18 39 -8.530352
18 40 -8.357766
18 41 -8.389933
18 42 -8.422099
18 43 -8.567413
18 44 -8.712728
18 45 -8.569603
18 46 -8.426479
18 47 -8.410448
18 48 -8.394416
18 49 -8.581738
18 50 -8.769059
18 51 -8.655792
18 52 -8.542526
18 53 -8.490396
18 54 -8.438266
18 55 -8.607799
18 56 -8.777331
18 57 -8.740974
18 58 -8.704617
18 59 -8.585340
18 60 -8.466064
18 61 -8.484072
18 62 -8.502079
18 63 -4.251040
18 64 0.000000

19 0 0.000000
19 1 -4.400360
19 2 -8.800719
19 3 -8.878138
19 4 -8.955555
19 5 -9.103138
19 6 -9.250721
19 7 -9.124887
19 8 -8.999052
19 9 -8.944599
19 10 -8.890145
19 11 -9.024685
19 12 -9.159225
19 13 -9.084535
19 14 -9.009846
19 15 -8.903927
19 16 -8.798008
19 17 -8.926171
19 18 -9.054336
19 19 -9.032262
19 20 -9.010188
19 21 -8.889447
19 22 -8.768706
19 23 -8.883744
19 24 -8.998783
19 25 -9.015576
19 26 -9.032371
19 27 -8.897121
19 28 -8.761872
19 29 -8.851103
19 30 -8.940332
19 31 -8.993542
19 32 -9.046751
19 33 -8.910124
19 34 -8.773497
19 35 -8.837620
19 36 -8.901743
19 37 -8.993270
19 38 -9.084797
19 39 -8.952960
19 40 -8.821123
19 41 -8.846645
19 42 -8.872168
19 43 -8.991241
19 44 -9.110313
19 45 -8.993759
19 46 -8.877204
19 47 -8.866570
19 48 -8.855934
19 49 -9.003687
19 50 -9.151440
19 51 -9.074890
19 52 -8.998341
19 53 -8.946357
19 54 -8.894373
19 55 -9.028746
19 56 -9.163118
19 57 -9.136827
19 58 -9.110536
19 59 -9.007180
19 60 -8.903825
19 61 -8.944921
19 62 -8.986019
19 63 -4.493010
19 64 0.000000

20 0 0.000000
20 1 -4.669628
20 2 -9.339256
20 3 -9.363291
20 4 -9.387324
20 5 -9.498404
20 6 -9.609482
20 7 -9.519352
20 8 -9.429223
20 9 -9.388290
20 10 -9.347359
20 11 -9.459609
20 12 -9.571859
20 13 -9.505629
20 14 -9.439397
20 15 -9.352429
20 16 -9.265462
20 17 -9.360938
20 18 -9.456414
20 19 -9.448064
20 20 -9.439713
20 21 -9.336946
20 22 -9.234179
20 23 -9.330391
20 24 -9.426604
20 25 -9.429962
20 26 -9.433320
20 27 -9.330093
20 28 -9.226868
20 29 -9.295273
20 30 -9.363677
20 31 -9.405919
20 32 -9.448161
20 33 -9.339724
20 34 -9.231286
20 35 -9.289567
20 36 -9.347848
20 37 -9.407253
20 38 -9.466659
20 39 -9.375570
20 40 -9.284481
20 41 -9.303358
20 42 -9.322235
20 43 -9.415068
20 44 -9.507899
20 45 -9.417913
20 46 -9.327929
20 47 -9.322691
20 48 -9.317453
20 49 -9.425636
20 50 -9.533819
20 51 -9.493987
20 52 -9.454155
20 53 -9.402317
20 54 -9.350479
20 55 -9.449692
20 56 -9.548904
20 57 -9.532680
20 58 -9.516455
20 59 -9.429020
20 60 -9.341585
20 61 -9.405772
20 62 -9.469959
20 63 -4.734980
20 64 0.000000

21 0 0.000000
21 1 -4.546943
21 2 -9.093885
21 3 -9.196454
21 4 -9.299023
21 5 -9.234114
21 6 -9.169205
21 7 -9.193650
21 8 -9.218096
21 9 -9.250172
21 10 -9.282248
21 11 -9.203163
21 12 -9.124078
21 13 -9.136467
21 14 -9.148855
21 15 -9.182096
21 16 -9.215340
21 17 -9.134353
21 18 -9.053366
21 19 -9.070668
21 20 -9.087972
21 21 -9.146559
21 22 -9.205147
21 23 -9.139902
21 24 -9.074656
21 25 -9.055347
21 26 -9.036039
21 27 -9.105237
21 28 -9.174435
21 29 -9.120453
21 30 -9.066471
21 31 -9.035440
21 32 -9.004408
21 33 -9.080914
21 34 -9.157419
21 35 -9.131472
21 36 -9.105525
21 37 -9.052914
21 38 -9.000303
21 39 -9.082453
21 40 -9.164603
21 41 -9.157043
21 42 -9.149483
21 43 -9.088433
21 44 -9.027383
21 45 -9.092390
21 46 -9.157397
21 47 -9.173334
21 48 -9.189271
21 49 -9.125898
21 50 -9.062525
21 51 -9.139448
21 52 -9.216372
21 53 -9.249228
21 54 -9.282085
21 55 -9.204956
21 56 -9.127827
21 57 -9.193246
21 58 -9.258665
21 59 -9.291912
21 60 -9.325160
21 61 -9.154909
21 62 -8.984658
21 63 -4.492329
21 64 0.000000

22 0 0.000000
22 1 -4.424258
22 2 -8.848516
22 3 -9.029617
22 4 -9.210720
22 5 -8.969824
22 6 -8.728929
22 7 -8.867949
22 8 -9.006968
22 9 -9.112052
22 10 -9.217135
22 11 -8.946716
22 12 -8.676296
22 13 -8.767304
22 14 -8.858313
22 15 -9.011765
22 16 -9.165216
22 17 -8.907767
22 18 -8.650318
22 19 -8.693274
22 20 -8.736230
22 21 -8.956173
22 22 -9.176115
22 23 -8.949411
22 24 -8.722709
22 25 -8.680733
22 26 -8.638758
22 27 -8.880380
22 28 -9.122002
22 29 -8.945633
22 30 -8.769264
22 31 -8.664960
22 32 -8.560656
22 33 -8.822104
22 34 -9.083552
22 35 -8.973377
22 36 -8.863202
22 37 -8.698574
22 38 -8.533947
22 39 -8.789336
22 40 -9.044725
22 41 -9.010727
22 42 -8.976729
22 43 -8.761798
22 44 -8.546866
22 45 -8.766867
22 46 -8.986866
22 47 -9.023977
22 48 -9.061089
22 49 -8.826160
22 50 -8.591231
22 51 -8.784910
22 52 -8.978588
22 53 -9.096140
22 54 -9.213692
22 55 -8.960220
22 56 -8.706749
22 57 -8.853813
22 58 -9.000876
22 59 -9.154806
22 60 -9.308735
22 61 -8.904046
22 62 -8.499357
22 63 -4.249679
22 64 0.000000

23 0 0.000000
23 1 -4.330941
23 2 -8.661882
23 3 -8.750137
23 4 -8.838393
23 5 -8.765669
23 6 -8.692945
23 7 -8.702948
23 8 -8.712950
23 9 -8.746900
23 10 -8.780849
23 11 -8.693571
23 12 -8.606294
23 13 -8.619787
23 14 -8.633282
23 15 -8.663755
23 16 -8.694229
23 17 -8.618540
23 18 -8.542850
23 19 -8.552488
23 20 -8.562126
23 21 -8.631124
23 22 -8.700123
23 23 -8.627321
23 24 -8.554520
23 25 -8.539350
23 26 -8.524179
23 27 -8.587660
23 28 -8.651140
23 29 -8.597173
23 30 -8.543205
23 31 -8.512386
23 32 -8.481567
23 33 -8.561326
23 34 -8.641084
23 35 -8.607247
23 36 -8.573410
23 37 -8.535355
23 38 -8.497298
23 39 -8.572205
23 40 -8.647110
23 41 -8.641878
23 42 -8.636646
23 43 -8.576187
23 44 -8.515728
23 45 -8.578642
23 46 -8.641556
23 47 -8.651539
23 48 -8.661522
23 49 -8.610530
23 50 -8.559538
23 51 -8.622384
23 52 -8.685230
23 53 -8.732021
23 54 -8.778811
23 55 -8.705860
23 56 -8.632909
23 57 -8.700212
23 58 -8.767517
23 59 -8.818541
23 60 -8.869565
23 61 -8.717411
23 62 -8.565257
23 63 -4.282629
23 64 0.000000

24 0 0.000000
24 1 -4.237625
24 2 -8.475249
24 3 -8.470657
24 4 -8.466066
24 5 -8.561514
24 6 -8.656961
24 7 -8.537947
24 8 -8.418932
24 9 -8.381747
24 10 -8.344563
24 11 -8.440427
24 12 -8.536291
24 13 -8.472271
24 14 -8.408250
24 15 -8.315746
24 16 -8.223243
24 17 -8.329311
24 18 -8.435381
24 19 -8.411701
24 20 -8.388022
24 21 -8.306077
24 22 -8.224132
24 23 -8.305231
24 24 -8.386331
24 25 -8.397966
24 26 -8.409601
24 27 -8.294941
24 28 -8.180280
24 29 -8.248713
24 30 -8.317147
24 31 -8.359813
24 32 -8.402478
24 33 -8.300547
24 34 -8.198615
24 35 -8.241117
24 36 -8.283619
24 37 -8.372134
24 38 -8.460649
24 39 -8.355072
24 40 -8.249495
24 41 -8.273029
24 42 -8.296564
24 43 -8.390577
24 44 -8.484591
24 45 -8.390419
24 46 -8.296247
24 47 -8.279100
24 48 -8.261954
24 49 -8.394899
24 50 -8.527843
24 51 -8.459858
24 52 -8.391873
24 53 -8.367903
24 54 -8.343931
24 55 -8.451500
24 56 -8.559069
24 57 -8.546613
24 58 -8.534157
24 59 -8.482276
24 60 -8.430395
24 61 -8.530776
24 62 -8.631157
24 63 -4.315578
24 64 0.000000

25 0 0.000000
25 1 -4.357613
25 2 -8.715225
25 3 -8.792607
25 4 -8.869989
25 5 -9.000414
25 6 -9.130837
25 7 -9.001818
25 8 -8.872798
25 9 -8.809009
25 10 -8.745218
25 11 -8.874493
25 12 -9.003766
25 13 -8.927036
25 14 -8.850307
25 15 -8.742873
25 16 -8.635439
25 17 -8.761995
25 18 -8.888552
25 19 -8.866165
25 20 -8.843779
25 21 -8.724972
25 22 -8.606163
25 23 -8.721494
25 24 -8.836824
25 25 -8.847374
25 26 -8.857924
25 27 -8.718235
25 28 -8.578547
25 29 -8.663750
25 30 -8.748955
25 31 -8.804499
25 32 -8.860044
25 33 -8.722389
25 34 -8.584733
25 35 -8.652248
25 36 -8.719765
25 37 -8.817850
25 38 -8.915936
25 39 -8.790124
25 40 -8.664312
25 41 -8.688714
25 42 -8.713116
25 43 -8.831391
25 44 -8.949667
25 45 -8.830713
25 46 -8.711761
25 47 -8.701282
25 48 -8.690801
25 49 -8.840487
25 50 -8.990171
25 51 -8.913036
25 52 -8.835901
25 53 -8.790148
25 54 -8.744394
25 55 -8.889609
25 56 -9.034824
25 57 -9.010077
25 58 -8.985329
25 59 -8.901140
25 60 -8.816952
25 61 -8.859212
25 62 -8.901472
25 63 -4.450736
25 64 0.000000

26 0 0.000000
26 1 -4.477600
26 2 -8.955200
26 3 -9.114556
26 4 -9.273912
26 5 -9.439313
26 6 -9.604713
26 7 -9.465689
26 8 -9.326664
26 9 -9.236269
26 10 -9.145875
26 11 -9.308558
26 12 -9.471241
26 13 -9.381803
26 14 -9.292364
26 15 -9.169999
26 16 -9.047634
26 17 -9.194677
26 18 -9.341722
26 19 -9.320629
26 20 -9.299536
26 21 -9.143866
26 22 -8.988195
26 23 -9.137757
26 24 -9.287319
26 25 -9.296782
26 26 -9.306246
26 27 -9.141529
26 28 -8.976812
26 29 -9.078787
26 30 -9.180761
26 31 -9.249186
26 32 -9.317610
26 33 -9.144230
26 34 -8.970851
26 35 -9.063380
26 36 -9.155910
26 37 -9.263565
26 38 -9.371221
26 39 -9.225176
26 40 -9.079130
26 41 -9.104399
26 42 -9.129667
26 43 -9.272205
26 44 -9.414744
26 45 -9.271009
26 46 -9.127275
26 47 -9.123461
26 48 -9.119647
26 49 -9.286074
26 50 -9.452500
26 51 -9.366215
26 52 -9.279930
26 53 -9.212393
26 54 -9.144856
26 55 -9.327719
26 56 -9.510580
26 57 -9.473540
26 58 -9.436501
26 59 -9.320004
26 60 -9.203508
26 61 -9.187647
26 62 -9.171786
26 63 -4.585893
26 64 0.000000

27 0 0.000000
27 1 -4.551419
27 2 -9.102839
27 3 -9.203159
27 4 -9.303480
27 5 -9.271403
27 6 -9.239326
27 7 -9.236008
27 8 -9.232689
27 9 -9.240925
27 10 -9.249161
27 11 -9.204802
27 12 -9.160442
27 13 -9.159166
27 14 -9.157890
27 15 -9.170698
27 16 -9.183506
27 17 -9.131346
27 18 -9.079186
27 19 -9.084738
27 20 -9.090289
27 21 -9.112354
27 22 -9.134418
27 23 -9.102104
27 24 -9.069790
27 25 -9.054171
27 26 -9.038551
27 27 -9.071687
27 28 -9.104822
27 29 -9.068436
27 30 -9.032048
27 31 -9.011884
27 32 -8.991719
27 33 -9.031635
27 34 -9.071552
27 35 -9.069736
27 36 -9.067921
27 37 -9.045405
27 38 -9.022890
27 39 -9.075647
27 40 -9.128405
27 41 -9.121958
27 42 -9.115511
27 43 -9.083721
27 44 -9.051929
27 45 -9.089684
27 46 -9.127438
27 47 -9.147487
27 48 -9.167536
27 49 -9.139326
27 50 -9.111118
27 51 -9.163456
27 52 -9.215794
27 53 -9.230509
27 54 -9.245224
27 55 -9.208036
27 56 -9.170849
27 57 -9.225527
27 58 -9.280205
27 59 -9.296665
27 60 -9.313127
27 61 -9.178178
27 62 -9.043230
27 63 -4.521615
27 64 0.000000

28 0 0.000000
28 1 -4.625238
28 2 -9.250477
28 3 -9.291762
28 4 -9.333048
28 5 -9.103494
28 6 -8.873940
28 7 -9.006327
28 8 -9.138713
28 9 -9.245580
28 10 -9.352447
28 11 -9.101046
28 12 -8.849645
28 13 -8.936530
28 14 -9.023416
28 15 -9.171397
28 16 -9.319379
28 17 -9.068015
28 18 -8.816651
28 19 -8.848846
28 20 -8.881042
28 21 -9.080842
28 22 -9.280642
28 23 -9.066451
28 24 -8.852261
28 25 -8.811558
28 26 -8.770856
28 27 -9.001844
28 28 -9.232833
28 29 -9.058084
28 30 -8.883335
28 31 -8.774582
28 32 -8.665829
28 33 -8.919041
28 34 -9.172254
28 35 -9.076093
28 36 -8.979932
28 37 -8.827246
28 38 -8.674560
28 39 -8.926119
28 40 -9.177678
28 41 -9.139517
28 42 -9.101355
28 43 -8.895235
28 44 -8.689116
28 45 -8.908358
28 46 -9.127600
28 47 -9.171512
28 48 -9.215424
28 49 -8.992579
28 50 -8.769735
28 51 -8.960696
28 52 -9.151657
28 53 -9.248625
28 54 -9.345592
28 55 -9.088355
28 56 -8.831118
28 57 -8.977513
28 58 -9.123909
28 59 -9.273327
28 60 -9.422745
28 61 -9.168709
28 62 -8.914673
28 63 -4.457336
28 64 0.000000

29 0 0.000000
29 1 -4.370863
29 2 -8.741726
29 3 -8.833026
29 4 -8.924326
29 5 -8.842507
29 6 -8.760689
29 7 -8.789354
29 8 -8.818018
29 9 -8.866551
29 10 -8.915084
29 11 -8.797191
29 12 -8.679297
29 13 -8.706566
29 14 -8.733834
29 15 -8.784921
29 16 -8.836006
29 17 -8.726109
29 18 -8.616211
29 19 -8.621538
29 20 -8.626866
29 21 -8.714208
29 22 -8.801549
29 23 -8.700741
29 24 -8.599934
29 25 -8.582726
29 26 -8.565517
29 27 -8.655176
29 28 -8.744835
29 29 -8.666921
29 30 -8.589006
29 31 -8.540470
29 32 -8.491935
29 33 -8.603592
29 34 -8.715248
29 35 -8.674414
29 36 -8.633579
29 37 -8.582456
29 38 -8.531332
29 39 -8.636434
29 40 -8.741535
29 41 -8.732141
29 42 -8.722748
29 43 -8.637594
29 44 -8.552441
29 45 -8.648367
29 46 -8.744292
29 47 -8.766144
29 48 -8.787995
29 49 -8.710538
29 50 -8.633080
29 51 -8.716845
29 52 -8.800610
29 53 -8.855118
29 54 -8.909626
29 55 -8.799929
29 56 -8.690231
29 57 -8.773198
29 58 -8.856165
29 59 -8.910032
29 60 -8.963900
29 61 -8.784742
29 62 -8.605584
29 63 -4.302792
29 64 0.000000

30 0 0.000000
30 1 -4.116488
30 2 -8.232975
30 3 -8.374290
30 4 -8.515604
30 5 -8.581520
30 6 -8.647437
30 7 -8.572380
30 8 -8.497324
30 9 -8.487522
30 10 -8.477721
30 11 -8.493336
30 12 -8.508950
30 13 -8.476602
30 14 -8.444253
30 15 -8.398443
30 16 -8.352634
30 17 -8.384203
30 18 -8.415771
30 19 -8.394230
30 20 -8.372690
30 21 -8.347573
30 22 -8.322456
30 23 -8.335032
30 24 -8.347607
30 25 -8.353892
30 26 -8.360178
30 27 -8.308508
30 28 -8.256837
30 29 -8.275757
30 30 -8.294678
30 31 -8.306359
30 32 -8.318041
30 33 -8.288141
30 34 -8.258242
30 35 -8.272735
30 36 -8.287228
30 37 -8.337666
30 38 -8.388103
30 39 -8.346748
30 40 -8.305393
30 41 -8.324766
30 42 -8.344140
30 43 -8.379953
30 44 -8.415766
30 45 -8.388375
30 46 -8.360985
30 47 -8.360776
30 48 -8.360567
30 49 -8.428495
30 50 -8.496425
30 51 -8.472994
30 52 -8.449562
30 53 -8.461611
30 54 -8.473660
30 55 -8.511501
30 56 -8.549344
30 57 -8.568882
30 58 -8.588421
30 59 -8.546738
30 60 -8.505054
30 61 -8.400775
30 62 -8.296495
30 63 -4.148248
30 64 0.000000

31 0 0.000000
31 1 -4.337791
31 2 -8.675582
31 3 -8.761721
31 4 -8.847860
31 5 -8.981945
31 6 -9.116030
31 7 -8.998423
31 8 -8.880816
31 9 -8.826206
31 10 -8.771597
31 11 -8.882988
31 12 -8.994379
31 13 -8.920316
31 14 -8.846252
31 15 -8.739471
31 16 -8.632690
31 17 -8.749712
31 18 -8.866734
31 19 -8.839742
31 20 -8.812750
31 21 -8.704325
31 22 -8.595900
31 23 -8.692715
31 24 -8.789530
31 25 -8.799559
31 26 -8.809587
31 27 -8.674459
31 28 -8.539331
31 29 -8.619549
31 30 -8.699767
31 31 -8.747692
31 32 -8.795617
31 33 -8.674816
31 34 -8.554014
31 35 -8.613143
31 36 -8.672272
31 37 -8.768999
31 38 -8.865726
31 39 -8.747644
31 40 -8.629564
31 41 -8.660757
31 42 -8.691950
31 43 -8.803234
31 44 -8.914518
31 45 -8.810513
31 46 -8.706507
31 47 -8.695200
31 48 -8.683892
31 49 -8.829555
31 50 -8.975218
31 51 -8.904882
31 52 -8.834546
31 53 -8.801926
31 54 -8.769306
31 55 -8.900924
31 56 -9.032541
31 57 -9.006502
31 58 -8.980463
31 59 -8.889590
31 60 -8.798717
31 61 -8.823060
31 62 -8.847403
31 63 -4.423701
31 64 0.000000

32 0 0.000000
32 1 -4.559094
32 2 -9.118189
32 3 -9.149153
32 4 -9.180117
32 5 -9.382370
32 6 -9.584622
32 7 -9.424465
32 8 -9.264307
32 9 -9.164890
32 10 -9.065473
32 11 -9.272640
32 12 -9.479807
32 13 -9.364029
32 14 -9.248252
32 15 -9.080500
32 16 -8.912747
32 17 -9.115221
32 18 -9.317696
32 19 -9.285252
32 20 -9.252809
32 21 -9.061076
32 22 -8.869344
32 23 -9.050398
32 24 -9.231452
32 25 -9.245224
32 26 -9.258995
32 27 -9.040410
32 28 -8.821825
32 29 -8.963341
32 30 -9.104856
32 31 -9.189025
32 32 -9.273193
32 33 -9.061491
32 34 -8.849788
32 35 -8.953551
32 36 -9.057315
32 37 -9.200331
32 38 -9.343348
32 39 -9.148541
32 40 -8.953735
32 41 -8.996747
32 42 -9.039759
32 43 -9.226515
32 44 -9.413271
32 45 -9.232649
32 46 -9.052028
32 47 -9.029623
32 48 -9.007217
32 49 -9.230614
32 50 -9.454010
32 51 -9.336770
32 52 -9.219530
32 53 -9.142241
32 54 -9.064952
32 55 -9.290345
32 56 -9.515738
32 57 -9.444122
32 58 -9.372506
32 59 -9.232444
32 60 -9.092381
32 61 -9.245345
32 62 -9.398309
32 63 -4.699154
32 64 0.000000

33 0 0.000000
33 1 -4.548614
33 2 -9.097227
33 3 -9.208179
33 4 -9.319133
33 5 -9.318295
33 6 -9.317455
33 7 -9.297458
33 8 -9.277460
33 9 -9.267686
33 10 -9.257913
33 11 -9.245582
33 12 -9.233251
33 13 -9.209885
33 14 -9.186520
33 15 -9.165547
33 16 -9.144575
33 17 -9.132695
33 18 -9.120815
33 19 -9.123445
33 20 -9.126075
33 21 -9.116840
33 22 -9.107605
33 23 -9.104293
33 24 -9.100981
33 25 -9.084221
33 26 -9.067461
33 27 -9.060561
33 28 -9.053661
33 29 -9.046472
33 30 -9.039282
33 31 -9.038556
33 32 -9.037830
33 33 -9.040359
33 34 -9.042887
33 35 -9.054396
33 36 -9.065904
33 37 -9.065132
33 38 -9.064362
33 39 -9.081651
33 40 -9.098940
33 41 -9.105833
33 42 -9.112725
33 43 -9.118078
33 44 -9.123430
33 45 -9.127715
33 46 -9.132000
33 47 -9.140689
33 48 -9.149378
33 49 -9.160563
33 50 -9.171746
33 51 -9.202403
33 52 -9.233060
33 53 -9.244145
33 54 -9.255232
33 55 -9.263762
33 56 -9.272291
33 57 -9.300961
33 58 -9.329632
33 59 -9.322035
33 60 -9.314438
33 61 -9.200153
33 62 -9.085869
33 63 -4.542934
33 64 0.000000

34 0 0.000000
34 1 -4.538133
34 2 -9.076266
34 3 -9.267208
34 4 -9.458149
34 5 -9.254218
34 6 -9.050287
34 7 -9.170450
34 8 -9.290614
34 9 -9.370483
34 10 -9.450353
34 11 -9.218523
34 12 -8.986694
34 13 -9.055740
34 14 -9.124786
34 15 -9.250595
34 16 -9.376404
34 17 -9.150169
34 18 -8.923935
34 19 -8.961637
34 20 -8.999341
34 21 -9.172604
34 22 -9.345866
34 23 -9.158188
34 24 -8.970509
34 25 -8.923218
34 26 -8.875926
34 27 -9.080711
34 28 -9.285498
34 29 -9.129602
34 30 -8.973707
34 31 -8.888087
34 32 -8.802467
34 33 -9.019226
34 34 -9.235985
34 35 -9.155239
34 36 -9.074492
34 37 -8.929934
34 38 -8.785375
34 39 -9.014759
34 40 -9.244143
34 41 -9.214918
34 42 -9.185692
34 43 -9.009641
34 44 -8.833590
34 45 -9.022780
34 46 -9.211971
34 47 -9.251755
34 48 -9.291539
34 49 -9.090511
34 50 -8.889482
34 51 -9.068036
34 52 -9.246590
34 53 -9.346050
34 54 -9.445511
34 55 -9.237177
34 56 -9.028843
34 57 -9.157800
34 58 -9.286757
34 59 -9.411625
34 60 -9.536494
34 61 -9.154962
34 62 -8.773429
34 63 -4.386714
34 64 0.000000

35 0 0.000000
35 1 -4.396308
35 2 -8.792616
35 3 -8.880466
35 4 -8.968315
35 5 -8.856298
35 6 -8.744283
35 7 -8.790839
35 8 -8.837397
35 9 -8.892925
35 10 -8.948454
35 11 -8.811762
35 12 -8.675071
35 13 -8.706114
35 14 -8.737157
35 15 -8.802586
35 16 -8.868013
35 17 -8.735374
35 18 -8.602735
35 19 -8.618237
35 20 -8.633738
35 21 -8.737542
35 22 -8.841347
35 23 -8.724879
35 24 -8.608412
35 25 -8.582328
35 26 -8.556243
35 27 -8.669145
35 28 -8.782047
35 29 -8.689558
35 30 -8.597069
35 31 -8.544877
35 32 -8.492685
35 33 -8.622503
35 34 -8.752321
35 35 -8.702545
35 36 -8.652769
35 37 -8.580496
35 38 -8.508223
35 39 -8.638538
35 40 -8.768852
35 41 -8.756041
35 42 -8.743230
35 43 -8.643920
35 44 -8.544610
35 45 -8.655156
35 46 -8.765702
35 47 -8.790204
35 48 -8.814705
35 49 -8.711982
35 50 -8.609259
35 51 -8.714650
35 52 -8.820042
35 53 -8.882822
35 54 -8.945602
35 55 -8.818585
35 56 -8.691568
35 57 -8.782179
35 58 -8.872788
35 59 -8.945101
35 60 -9.017414
35 61 -8.821087
35 62 -8.624759
35 63 -4.312379
35 64 0.000000

36 0 0.000000
36 1 -4.254482
36 2 -8.508965
36 3 -8.493723
36 4 -8.478480
36 5 -8.458380
36 6 -8.438278
36 7 -8.411228
36 8 -8.384178
36 9 -8.415367
36 10 -8.446556
36 11 -8.405002
36 12 -8.363447
36 13 -8.356487
36 14 -8.349527
36 15 -8.354575
36 16 -8.359623
36 17 -8.320579
36 18 -8.281534
36 19 -8.274835
36 20 -8.268135
36 21 -8.302481
36 22 -8.336827
36 23 -8.291571
36 24 -8.246314
36 25 -8.241437
36 26 -8.236560
36 27 -8.257578
36 28 -8.278596
36 29 -8.249514
36 30 -8.220430
36 31 -8.201666
36 32 -8.182902
36 33 -8.225780
36 34 -8.268658
36 35 -8.249851
36 36 -8.231045
36 37 -8.231057
36 38 -8.231070
36 39 -8.262316
36 40 -8.293562
36 41 -8.297165
36 42 -8.300768
36 43 -8.278199
36 44 -8.255630
36 45 -8.287532
36 46 -8.319433
36 47 -8.328652
36 48 -8.337872
36 49 -8.333453
36 50 -8.329035
36 51 -8.361264
36 52 -8.393494
36 53 -8.419594
36 54 -8.445693
36 55 -8.399993
36 56 -8.354293
36 57 -8.406557
36 58 -8.458820
36 59 -8.478577
36 60 -8.498334
36 61 -8.487211
36 62 -8.476089
36 63 -4.238044
36 64 0.000000

37 0 0.000000
37 1 -4.301513
37 2 -8.603025
37 3 -8.667624
37 4 -8.732221
37 5 -8.846497
37 6 -8.960773
37 7 -8.847765
37 8 -8.734756
37 9 -8.691443
37 10 -8.648130
37 11 -8.746748
37 12 -8.845366
37 13 -8.781721
37 14 -8.718077
37 15 -8.633253
37 16 -8.548429
37 17 -8.642394
37 18 -8.736359
37 19 -8.713718
37 20 -8.691077
37 21 -8.600475
37 22 -8.509872
37 23 -8.593136
37 24 -8.676399
37 25 -8.687494
37 26 -8.698588
37 27 -8.587408
37 28 -8.476228
37 29 -8.539791
37 30 -8.603354
37 31 -8.642767
37 32 -8.682180
37 33 -8.578878
37 34 -8.475576
37 35 -8.526463
37 36 -8.577348
37 37 -8.660710
37 38 -8.744073
37 39 -8.644561
37 40 -8.545048
37 41 -8.566659
37 42 -8.588270
37 43 -8.680716
37 44 -8.773162
37 45 -8.684064
37 46 -8.594966
37 47 -8.591722
37 48 -8.588479
37 49 -8.711168
37 50 -8.833858
37 51 -8.775934
37 52 -8.718011
37 53 -8.684095
37 54 -8.650181
37 55 -8.756352
37 56 -8.862524
37 57 -8.853174
37 58 -8.843825
37 59 -8.769310
37 60 -8.694794
37 61 -8.723392
37 62 -8.751991
37 63 -4.375996
37 64 0.000000

38 0 0.000000
38 1 -4.348543
38 2 -8.697086
38 3 -8.841524
38 4 -8.985961
38 5 -9.234615
38 6 -9.483269
38 7 -9.284302
38 8 -9.085335
38 9 -8.967520
38 10 -8.849705
38 11 -9.088495
38 12 -9.327286
38 13 -9.206956
38 14 -9.086626
38 15 -8.911930
38 16 -8.737235
38 17 -8.964209
38 18 -9.191183
38 19 -9.152601
38 20 -9.114019
38 21 -8.898468
38 22 -8.682917
38 23 -8.894701
38 24 -9.106485
38 25 -9.133551
38 26 -9.160617
38 27 -8.917238
38 28 -8.673860
38 29 -8.830069
38 30 -8.986279
38 31 -9.083868
38 32 -9.181458
38 33 -8.931977
38 34 -8.682496
38 35 -8.803074
38 36 -8.923651
38 37 -9.090364
38 38 -9.257076
38 39 -9.026806
38 40 -8.796535
38 41 -8.836153
38 42 -8.875772
38 43 -9.083233
38 44 -9.290693
38 45 -9.080596
38 46 -8.870499
38 47 -8.854793
38 48 -8.839087
38 49 -9.088884
38 50 -9.338681
38 51 -9.190605
38 52 -9.042528
38 53 -8.948599
38 54 -8.854670
38 55 -9.112712
38 56 -9.370754
38 57 -9.299792
38 58 -9.228830
38 59 -9.060041
38 60 -8.891253
38 61 -8.959574
38 62 -9.027894
38 63 -4.513947
38 64 0.000000

39 0 0.000000
39 1 -4.535845
39 2 -9.071691
39 3 -9.178982
39 4 -9.286274
39 5 -9.321562
39 6 -9.356850
39 7 -9.302264
39 8 -9.247679
39 9 -9.219650
39 10 -9.191623
39 11 -9.221933
39 12 -9.252244
39 13 -9.221594
39 14 -9.190943
39 15 -9.151204
39 16 -9.111465
39 17 -9.139736
39 18 -9.168008
39 19 -9.163168
39 20 -9.158328
39 21 -9.118385
39 22 -9.078442
39 23 -9.115525
39 24 -9.152609
39 25 -9.148995
39 26 -9.145382
39 27 -9.104474
39 28 -9.063566
39 29 -9.080353
39 30 -9.097138
39 31 -9.108523
39 32 -9.119907
39 33 -9.080744
39 34 -9.041580
39 35 -9.072010
39 36 -9.102439
39 37 -9.129072
39 38 -9.155705
39 39 -9.131019
39 40 -9.106333
39 41 -9.110043
39 42 -9.113752
39 43 -9.144354
39 44 -9.174955
39 45 -9.145407
39 46 -9.115858
39 47 -9.122587
39 48 -9.129316
39 49 -9.178318
39 50 -9.227320
39 51 -9.223704
39 52 -9.220089
39 53 -9.207378
39 54 -9.194668
39 55 -9.239302
39 56 -9.283935
39 57 -9.302999
39 58 -9.322063
39 59 -9.295858
39 60 -9.269653
39 61 -9.194052
39 62 -9.118450
39 63 -4.559225
39 64 0.000000

40 0 0.000000
40 1 -4.723147
40 2 -9.446295
40 3 -9.516441
40 4 -9.586587
40 5 -9.408508
40 6 -9.230431
40 7 -9.320227
40 8 -9.410023
40 9 -9.471782
40 10 -9.533541
40 11 -9.355371
40 12 -9.177202
40 13 -9.236231
40 14 -9.295259
40 15 -9.390477
40 16 -9.485695
40 17 -9.315264
40 18 -9.144833
40 19 -9.173735
40 20 -9.202637
40 21 -9.338302
40 22 -9.473967
40 23 -9.336349
40 24 -9.198731
40 25 -9.164439
40 26 -9.130147
40 27 -9.291710
40 28 -9.453274
40 29 -9.330636
40 30 -9.207998
40 31 -9.133178
40 32 -9.058357
40 33 -9.229510
40 34 -9.400663
40 35 -9.340945
40 36 -9.281227
40 37 -9.167781
40 38 -9.054335
40 39 -9.235233
40 40 -9.416131
40 41 -9.383932
40 42 -9.351732
40 43 -9.205475
40 44 -9.059217
40 45 -9.210218
40 46 -9.361218
40 47 -9.390383
40 48 -9.419547
40 49 -9.267754
40 50 -9.115959
40 51 -9.256804
40 52 -9.397650
40 53 -9.466158
40 54 -9.534665
40 55 -9.365891
40 56 -9.197115
40 57 -9.306206
40 58 -9.415296
40 59 -9.531675
40 60 -9.648054
40 61 -9.428531
40 62 -9.209007
40 63 -4.604504
40 64 0.000000

41 0 0.000000
41 1 -4.447820
41 2 -8.895639
41 3 -9.006577
41 4 -9.117514
41 5 -8.988911
41 6 -8.860308
41 7 -8.916334
41 8 -8.972361
41 9 -9.029028
41 10 -9.085694
41 11 -8.935455
41 12 -8.785215
41 13 -8.830032
41 14 -8.874850
41 15 -8.948044
41 16 -9.021236
41 17 -8.884777
41 18 -8.748318
41 19 -8.766887
41 20 -8.785456
41 21 -8.904459
41 22 -9.023462
41 23 -8.901550
41 24 -8.779640
41 25 -8.758112
41 26 -8.736584
41 27 -8.861534
41 28 -8.986485
41 29 -8.889540
41 30 -8.792595
41 31 -8.731770
41 32 -8.670945
41 33 -8.813311
41 34 -8.955677
41 35 -8.898606
41 36 -8.841536
41 37 -8.760395
41 38 -8.679255
41 39 -8.815884
41 40 -8.952511
41 41 -8.933661
41 42 -8.914810
41 43 -8.797501
41 44 -8.680191
41 45 -8.800995
41 46 -8.921799
41 47 -8.943166
41 48 -8.964533
41 49 -8.851995
41 50 -8.739456
41 51 -8.846435
41 52 -8.953413
41 53 -9.020530
41 54 -9.087647
41 55 -8.949930
41 56 -8.812213
41 57 -8.907413
41 58 -9.002611
41 59 -9.087392
41 60 -9.172173
41 61 -8.942503
41 62 -8.712834
41 63 -4.356417
41 64 0.000000

42 0 0.000000
42 1 -4.172493
42 2 -8.344985
42 3 -8.496714
42 4 -8.648441
42 5 -8.569313
42 6 -8.490185
42 7 -8.512442
42 8 -8.534698
42 9 -8.586273
42 10 -8.637848
42 11 -8.515538
42 12 -8.393229
42 13 -8.423835
42 14 -8.454441
42 15 -8.505610
42 16 -8.556779
42 17 -8.454290
42 18 -8.351803
42 19 -8.360039
42 20 -8.368275
42 21 -8.470615
42 22 -8.572957
42 23 -8.466753
42 24 -8.360548
42 25 -8.351784
42 26 -8.343019
42 27 -8.431358
42 28 -8.519697
42 29 -8.448444
42 30 -8.377191
42 31 -8.330362
42 32 -8.283533
42 33 -8.397112
42 34 -8.510690
42 35 -8.456266
42 36 -8.401843
42 37 -8.353010
42 38 -8.304176
42 39 -8.396534
42 40 -8.488892
42 41 -8.483390
42 42 -8.477888
42 43 -8.389526
42 44 -8.301165
42 45 -8.391772
42 46 -8.482380
42 47 -8.495949
42 48 -8.509518
42 49 -8.436235
42 50 -8.362952
42 51 -8.436064
42 52 -8.509175
42 53 -8.574903
42 54 -8.640630
42 55 -8.533970
42 56 -8.427311
42 57 -8.508619
42 58 -8.589928
42 59 -8.643110
42 60 -8.696292
42 61 -8.456476
42 62 -8.216661
42 63 -4.108331
42 64 0.000000

43 0 0.000000
43 1 -4.289616
43 2 -8.579231
43 3 -8.647061
43 4 -8.714891
43 5 -8.805099
43 6 -8.895308
43 7 -8.804840
43 8 -8.714373
43 9 -8.692867
43 10 -8.671361
43 11 -8.740730
43 12 -8.810099
43 13 -8.758998
43 14 -8.707897
43 15 -8.639318
43 16 -8.570740
43 17 -8.642509
43 18 -8.714279
43 19 -8.700455
43 20 -8.686630
43 21 -8.627760
43 22 -8.568891
43 23 -8.623789
43 24 -8.678687
43 25 -8.688696
43 26 -8.698706
43 27 -8.616850
43 28 -8.534994
43 29 -8.585205
43 30 -8.635418
43 31 -8.665030
43 32 -8.694641
43 33 -8.622646
43 34 -8.550652
43 35 -8.580007
43 36 -8.609361
43 37 -8.668753
43 38 -8.728146
43 39 -8.650665
43 40 -8.573185
43 41 -8.594676
43 42 -8.616167
43 43 -8.683481
43 44 -8.750796
43 45 -8.684676
43 46 -8.618557
43 47 -8.610416
43 48 -8.602276
43 49 -8.697163
43 50 -8.792049
43 51 -8.752435
43 52 -8.712820
43 53 -8.694634
43 54 -8.676450
43 55 -8.747717
43 56 -8.818983
43 57 -8.818165
43 58 -8.817347
43 59 -8.754272
43 60 -8.691196
43 61 -8.689505
43 62 -8.687814
43 63 -4.343907
43 64 0.000000

44 0 0.000000
44 1 -4.406738
44 2 -8.813477
44 3 -8.797409
44 4 -8.781342
44 5 -9.040886
44 6 -9.300430
44 7 -9.097239
44 8 -8.894048
44 9 -8.799461
44 10 -8.704874
44 11 -8.965921
44 12 -9.226969
44 13 -9.094161
44 14 -8.961353
44 15 -8.773027
44 16 -8.584702
44 17 -8.830729
44 18 -9.076756
44 19 -9.040872
44 20 -9.004987
44 21 -8.784905
44 22 -8.564824
44 23 -8.780825
44 24 -8.996826
44 25 -9.025609
44 26 -9.054392
44 27 -8.802341
44 28 -8.550291
44 29 -8.721968
44 30 -8.893644
44 31 -8.999697
44 32 -9.105748
44 33 -8.848181
44 34 -8.590613
44 35 -8.703746
44 36 -8.816878
44 37 -8.984497
44 38 -9.152115
44 39 -8.904797
44 40 -8.657478
44 41 -8.705963
44 42 -8.754447
44 43 -8.977438
44 44 -9.200428
44 45 -8.977581
44 46 -8.754733
44 47 -8.724884
44 48 -8.695035
44 49 -8.958090
44 50 -9.221146
44 51 -9.068806
44 52 -8.916466
44 53 -8.814367
44 54 -8.712270
44 55 -8.961463
44 56 -9.210656
44 57 -9.127710
44 58 -9.044765
44 59 -8.865434
44 60 -8.686102
44 61 -8.922534
44 62 -9.158966
44 63 -4.579483
44 64 0.000000

45 0 0.000000
45 1 -4.498496
45 2 -8.996992
45 3 -9.081320
45 4 -9.165648
45 5 -9.240395
45 6 -9.315143
45 7 -9.239106
45 8 -9.163069
45 9 -9.130598
45 10 -9.098128
45 11 -9.172270
45 12 -9.246412
45 13 -9.193604
45 14 -9.140795
45 15 -9.077625
45 16 -9.014456
45 17 -9.077356
45 18 -9.140257
45 19 -9.136604
45 20 -9.132952
45 21 -9.061464
45 22 -8.989977
45 23 -9.055749
45 24 -9.121521
45 25 -9.121687
45 26 -9.121852
45 27 -9.051888
45 28 -8.981922
45 29 -9.027501
45 30 -9.073080
45 31 -9.105309
45 32 -9.137539
45 33 -9.060742
45 34 -8.983946
45 35 -9.023782
45 36 -9.063618
45 37 -9.103134
45 38 -9.142651
45 39 -9.080318
45 40 -9.017986
45 41 -9.031906
45 42 -9.045826
45 43 -9.114602
45 44 -9.183378
45 45 -9.118324
45 46 -9.053269
45 47 -9.052060
45 48 -9.050851
45 49 -9.129421
45 50 -9.207993
45 51 -9.185188
45 52 -9.162383
45 53 -9.132819
45 54 -9.103254
45 55 -9.178605
45 56 -9.253956
45 57 -9.253955
45 58 -9.253954
45 59 -9.195561
45 60 -9.137169
45 61 -9.113533
45 62 -9.089897
45 63 -4.544949
45 64 0.000000

46 0 0.000000
46 1 -4.590254
46 2 -9.180508
46 3 -9.365231
46 4 -9.549953
46 5 -9.439904
46 6 -9.329855
46 7 -9.380973
46 8 -9.432091
46 9 -9.461737
46 10 -9.491383
46 11 -9.378618
46 12 -9.265855
46 13 -9.293046
46 14 -9.320237
46 15 -9.382223
46 16 -9.444209
46 17 -9.323983
46 18 -9.203757
46 19 -9.232336
46 20 -9.260916
46 21 -9.338022
46 22 -9.415129
46 23 -9.330673
46 24 -9.246217
46 25 -9.217764
46 26 -9.189312
46 27 -9.301433
46 28 -9.413553
46 29 -9.333035
46 30 -9.252516
46 31 -9.210923
46 32 -9.169331
46 33 -9.273304
46 34 -9.377277
46 35 -9.343817
46 36 -9.310356
46 37 -9.221771
46 38 -9.133186
46 39 -9.255840
46 40 -9.378494
46 41 -9.357849
46 42 -9.337204
46 43 -9.251766
46 44 -9.166329
46 45 -9.259068
46 46 -9.351806
46 47 -9.379236
46 48 -9.406667
46 49 -9.300753
46 50 -9.194839
46 51 -9.301569
46 52 -9.408300
46 53 -9.451270
46 54 -9.494240
46 55 -9.395748
46 56 -9.297256
46 57 -9.380199
46 58 -9.463142
46 59 -9.525688
46 60 -9.588235
46 61 -9.304531
46 62 -9.020827
46 63 -4.510414
46 64 0.000000

47 0 0.000000
47 1 -4.473605
47 2 -8.947210
47 3 -9.052615
47 4 -9.158020
47 5 -9.015933
47 6 -8.873846
47 7 -8.929075
47 8 -8.984304
47 9 -9.038387
47 10 -9.092469
47 11 -8.948291
47 12 -8.804111
47 13 -8.847538
47 14 -8.890965
47 15 -8.967744
47 16 -9.044523
47 17 -8.906196
47 18 -8.767867
47 19 -8.789621
47 20 -8.811375
47 21 -8.922724
47 22 -9.034074
47 23 -8.913256
47 24 -8.792437
47 25 -8.773535
47 26 -8.754632
47 27 -8.889599
47 28 -9.024565
47 29 -8.926840
47 30 -8.829115
47 31 -8.769490
47 32 -8.709866
47 33 -8.850414
47 34 -8.990963
47 35 -8.935581
47 36 -8.880199
47 37 -8.787781
47 38 -8.695363
47 39 -8.830557
47 40 -8.965751
47 41 -8.946692
47 42 -8.927633
47 43 -8.816153
47 44 -8.704672
47 45 -8.823944
47 46 -8.943216
47 47 -8.965679
47 48 -8.988144
47 49 -8.869832
47 50 -8.751520
47 51 -8.862497
47 52 -8.973475
47 53 -9.033781
47 54 -9.094088
47 55 -8.958165
47 56 -8.822243
47 57 -8.920988
47 58 -9.019733
47 59 -9.115941
47 60 -9.212149
47 61 -8.987009
47 62 -8.761869
47 63 -4.380935
47 64 0.000000

48 0 0.000000
48 1 -4.356956
48 2 -8.713913
48 3 -8.740000
48 4 -8.766088
48 5 -8.591962
48 6 -8.417836
48 7 -8.477178
48 8 -8.536519
48 9 -8.615038
48 10 -8.693556
48 11 -8.517962
48 12 -8.342368
48 13 -8.402031
48 14 -8.461693
48 15 -8.553265
48 16 -8.644836
48 17 -8.488407
48 18 -8.331977
48 19 -8.346906
48 20 -8.361835
48 21 -8.507427
48 22 -8.653019
48 23 -8.495837
48 24 -8.338655
48 25 -8.329304
48 26 -8.319952
48 27 -8.477764
48 28 -8.635576
48 29 -8.520645
48 30 -8.405713
48 31 -8.328057
48 32 -8.250401
48 33 -8.427526
48 34 -8.604650
48 35 -8.527346
48 36 -8.450043
48 37 -8.353791
48 38 -8.257540
48 39 -8.405273
48 40 -8.553007
48 41 -8.535535
48 42 -8.518063
48 43 -8.380539
48 44 -8.243014
48 45 -8.388821
48 46 -8.534626
48 47 -8.552123
48 48 -8.569620
48 49 -8.438910
48 50 -8.308201
48 51 -8.423426
48 52 -8.538651
48 53 -8.616293
48 54 -8.693934
48 55 -8.520582
48 56 -8.347230
48 57 -8.461777
48 58 -8.576324
48 59 -8.706194
48 60 -8.836063
48 61 -8.669488
48 62 -8.502913
48 63 -4.251456
48 64 0.000000

49 0 0.000000
49 1 -4.290003
49 2 -8.580006
49 3 -8.659101
49 4 -8.738197
49 5 -8.778848
49 6 -8.819498
49 7 -8.744431
49 8 -8.669363
49 9 -8.656304
49 10 -8.643246
49 11 -8.677501
49 12 -8.711756
49 13 -8.685069
49 14 -8.658382
49 15 -8.617781
49 16 -8.577178
49 17 -8.617652
49 18 -8.658126
49 19 -8.643832
49 20 -8.629539
49 21 -8.596197
49 22 -8.562856
49 23 -8.588388
49 24 -8.613920
49 25 -8.629214
49 26 -8.644508
49 27 -8.604109
49 28 -8.563708
49 29 -8.587992
49 30 -8.612274
49 31 -8.621971
49 32 -8.631668
49 33 -8.596404
49 34 -8.561140
49 35 -8.577335
49 36 -8.593530
49 37 -8.628843
49 38 -8.664156
49 39 -8.614841
49 40 -8.565528
49 41 -8.577380
49 42 -8.589232
49 43 -8.625974
49 44 -8.662716
49 45 -8.629560
49 46 -8.596403
49 47 -8.592643
49 48 -8.588882
49 49 -8.650760
49 50 -8.712637
49 51 -8.687891
49 52 -8.663144
49 53 -8.654338
49 54 -8.645533
49 55 -8.683420
49 56 -8.721308
49 57 -8.743683
49 58 -8.766056
49 59 -8.746574
49 60 -8.727093
49 61 -8.685854
49 62 -8.644616
49 63 -4.322308
49 64 0.000000

50 0 0.000000
50 1 -4.223049
50 2 -8.446098
50 3 -8.578202
50 4 -8.710306
50 5 -8.965733
50 6 -9.221160
50 7 -9.011684
50 8 -8.802208
50 9 -8.697572
50 10 -8.592936
50 11 -8.837039
50 12 -9.081142
50 13 -8.968107
50 14 -8.855071
50 15 -8.682295
50 16 -8.509520
50 17 -8.746897
50 18 -8.984275
50 19 -8.940760
50 20 -8.897243
50 21 -8.684968
50 22 -8.472692
50 23 -8.680939
50 24 -8.889185
50 25 -8.929125
50 26 -8.969066
50 27 -8.730453
50 28 -8.491840
50 29 -8.655337
50 30 -8.818834
50 31 -8.915885
50 32 -9.012936
50 33 -8.765284
50 34 -8.517631
50 35 -8.627323
50 36 -8.737017
50 37 -8.903894
50 38 -9.070773
50 39 -8.824411
50 40 -8.578049
50 41 -8.619226
50 42 -8.660402
50 43 -8.871409
50 44 -9.082417
50 45 -8.870298
50 46 -8.658180
50 47 -8.633162
50 48 -8.608145
50 49 -8.862608
50 50 -9.117072
50 51 -8.952354
50 52 -8.787638
50 53 -8.692385
50 54 -8.597131
50 55 -8.846258
50 56 -9.095385
50 57 -9.025587
50 58 -8.955790
50 59 -8.786956
50 60 -8.618122
50 61 -8.702221
50 62 -8.786320
50 63 -4.393160
50 64 0.000000

51 0 0.000000
51 1 -4.478732
51 2 -8.957463
51 3 -9.045036
51 4 -9.132608
51 5 -9.241463
51 6 -9.350317
51 7 -9.249510
51 8 -9.148702
51 9 -9.109368
51 10 -9.070034
51 11 -9.181009
51 12 -9.291985
51 13 -9.237462
51 14 -9.182939
51 15 -9.106201
51 16 -9.029463
51 17 -9.125510
51 18 -9.221557
51 19 -9.208572
51 20 -9.195587
51 21 -9.097626
51 22 -8.999665
51 23 -9.090385
51 24 -9.181105
51 25 -9.195601
51 26 -9.210097
51 27 -9.115043
51 28 -9.019987
51 29 -9.086009
51 30 -9.152031
51 31 -9.191965
51 32 -9.231899
51 33 -9.126632
51 34 -9.021363
51 35 -9.074422
51 36 -9.127481
51 37 -9.188427
51 38 -9.249372
51 39 -9.150271
51 40 -9.051170
51 41 -9.067514
51 42 -9.083859
51 43 -9.174889
51 44 -9.265919
51 45 -9.176150
51 46 -9.086382
51 47 -9.079993
51 48 -9.073605
51 49 -9.180014
51 50 -9.286423
51 51 -9.230938
51 52 -9.175453
51 53 -9.123508
51 54 -9.071564
51 55 -9.167903
51 56 -9.264242
51 57 -9.254428
51 58 -9.244614
51 59 -9.167543
51 60 -9.090473
51 61 -9.092114
51 62 -9.093756
51 63 -4.546878
51 64 0.000000

52 0 0.000000
52 1 -4.734414
52 2 -9.468828
52 3 -9.511869
52 4 -9.554911
52 5 -9.517192
52 6 -9.479473
52 7 -9.487334
52 8 -9.495195
52 9 -9.521164
52 10 -9.547133
52 11 -9.524981
52 12 -9.502827
52 13 -9.506817
52 14 -9.510806
52 15 -9.530107
52 16 -9.549407
52 17 -9.504123
52 18 -9.458838
52 19 -9.476385
52 20 -9.493932
52 21 -9.510284
52 22 -9.526638
52 23 -9.499831
52 24 -9.473024
52 25 -9.462076
52 26 -9.451129
52 27 -9.499632
52 28 -9.548135
52 29 -9.516681
52 30 -9.485227
52 31 -9.468044
52 32 -9.450863
52 33 -9.487980
52 34 -9.525096
52 35 -9.521521
52 36 -9.517944
52 37 -9.472959
52 38 -9.427973
52 39 -9.476133
52 40 -9.524293
52 41 -9.515804
52 42 -9.507317
52 43 -9.478369
52 44 -9.449421
52 45 -9.482002
52 46 -9.514584
52 47 -9.526824
52 48 -9.539064
52 49 -9.497419
52 50 -9.455774
52 51 -9.509521
52 52 -9.563268
52 53 -9.554632
52 54 -9.545996
52 55 -9.489548
52 56 -9.433100
52 57 -9.483269
52 58 -9.533438
52 59 -9.548131
52 60 -9.562824
52 61 -9.482008
52 62 -9.401192
52 63 -4.700596
52 64 0.000000

53 0 0.000000
53 1 -4.509463
53 2 -9.018927
53 3 -9.118807
53 4 -9.218687
53 5 -9.104226
53 6 -8.989765
53 7 -9.045855
53 8 -9.101944
53 9 -9.167698
53 10 -9.233452
53 11 -9.113001
53 12 -8.992550
53 13 -9.042708
53 14 -9.092867
53 15 -9.167372
53 16 -9.241876
53 17 -9.117918
53 18 -8.993961
53 19 -9.014694
53 20 -9.035428
53 21 -9.141217
53 22 -9.247005
53 23 -9.135166
53 24 -9.023326
53 25 -9.007012
53 26 -8.990699
53 27 -9.115030
53 28 -9.239361
53 29 -9.157827
53 30 -9.076294
53 31 -9.022462
53 32 -8.968630
53 33 -9.099275
53 34 -9.229919
53 35 -9.172117
53 36 -9.114314
53 37 -9.026613
53 38 -8.938913
53 39 -9.061695
53 40 -9.184478
53 41 -9.168293
53 42 -9.152109
53 43 -9.045309
53 44 -8.938509
53 45 -9.049553
53 46 -9.160596
53 47 -9.175928
53 48 -9.191261
53 49 -9.074435
53 50 -8.957609
53 51 -9.051036
53 52 -9.144464
53 53 -9.187264
53 54 -9.230065
53 55 -9.088992
53 56 -8.947919
53 57 -9.036272
53 58 -9.124625
53 59 -9.194527
53 60 -9.264429
53 61 -9.053684
53 62 -8.842939
53 63 -4.421470
53 64 0.000000

54 0 0.000000
54 1 -4.284512
54 2 -8.569024
54 3 -8.725743
54 4 -8.882463
54 5 -8.691259
54 6 -8.500056
54 7 -8.604375
54 8 -8.708694
54 9 -8.814232
54 10 -8.919770
54 11 -8.701022
54 12 -8.482274
54 13 -8.578601
54 14 -8.674928
54 15 -8.804636
54 16 -8.934344
54 17 -8.731714
54 18 -8.529083
54 19 -8.553003
54 20 -8.576924
54 21 -8.772149
54 22 -8.967374
54 23 -8.770500
54 24 -8.573627
54 25 -8.551949
54 26 -8.530269
54 27 -8.730427
54 28 -8.930586
54 29 -8.798973
54 30 -8.667360
54 31 -8.576879
54 32 -8.486397
54 33 -8.710569
54 34 -8.934743
54 35 -8.822714
54 36 -8.710684
54 37 -8.580269
54 38 -8.449854
54 39 -8.647259
54 40 -8.844663
54 41 -8.820782
54 42 -8.796901
54 43 -8.612249
54 44 -8.427597
54 45 -8.617103
54 46 -8.806608
54 47 -8.825033
54 48 -8.843457
54 49 -8.651451
54 50 -8.459445
54 51 -8.592552
54 52 -8.725659
54 53 -8.819897
54 54 -8.914135
54 55 -8.688437
54 56 -8.462738
54 57 -8.589275
54 58 -8.715813
54 59 -8.840923
54 60 -8.966034
54 61 -8.625360
54 62 -8.284687
54 63 -4.142344
54 64 0.000000

55 0 0.000000
55 1 -4.286927
55 2 -8.573854
55 3 -8.633669
55 4 -8.693485
55 5 -8.709963
55 6 -8.726439
55 7 -8.681292
55 8 -8.636145
55 9 -8.660172
55 10 -8.684200
55 11 -8.678251
55 12 -8.672304
55 13 -8.684416
55 14 -8.696527
55 15 -8.681488
55 16 -8.666448
55 17 -8.677797
55 18 -8.689148
55 19 -8.672900
55 20 -8.656652
55 21 -8.675659
55 22 -8.694666
55 23 -8.682062
55 24 -8.669457
55 25 -8.679268
55 26 -8.689079
55 27 -8.672928
55 28 -8.656777
55 29 -8.678425
55 30 -8.700073
55 31 -8.699039
55 32 -8.698004
55 33 -8.703165
55 34 -8.708328
55 35 -8.684081
55 36 -8.659834
55 37 -8.677737
55 38 -8.695641
55 39 -8.680143
55 40 -8.664646
55 41 -8.677317
55 42 -8.689987
55 43 -8.680439
55 44 -8.670890
55 45 -8.680488
55 46 -8.690085
55 47 -8.677590
55 48 -8.665095
55 49 -8.682999
55 50 -8.700902
55 51 -8.678044
55 52 -8.655186
55 53 -8.668041
55 54 -8.680896
55 55 -8.664151
55 56 -8.647407
55 57 -8.683113
55 58 -8.718819
55 59 -8.706553
55 60 -8.694288
55 61 -8.637728
55 62 -8.581167
55 63 -4.290584
55 64 0.000000

56 0 0.000000
56 1 -4.289343
56 2 -8.578686
56 3 -8.541596
56 4 -8.504507
56 5 -8.728664
56 6 -8.952822
56 7 -8.758208
56 8 -8.563595
56 9 -8.506112
56 10 -8.448629
56 11 -8.655481
56 12 -8.862333
56 13 -8.790230
56 14 -8.718126
56 15 -8.558338
56 16 -8.398551
56 17 -8.623881
56 18 -8.849212
56 19 -8.792796
56 20 -8.736381
56 21 -8.579168
56 22 -8.421957
56 23 -8.593622
56 24 -8.765287
56 25 -8.806588
56 26 -8.847889
56 27 -8.615429
56 28 -8.382969
56 29 -8.557877
56 30 -8.732785
56 31 -8.821198
56 32 -8.909612
56 33 -8.695763
56 34 -8.481913
56 35 -8.545448
56 36 -8.608984
56 37 -8.775206
56 38 -8.941426
56 39 -8.713028
56 40 -8.484631
56 41 -8.533853
56 42 -8.583075
56 43 -8.748629
56 44 -8.914183
56 45 -8.743873
56 46 -8.573563
56 47 -8.530148
56 48 -8.486733
56 49 -8.714546
56 50 -8.942359
56 51 -8.763535
56 52 -8.584712
56 53 -8.516184
56 54 -8.447657
56 55 -8.639866
56 56 -8.832075
56 57 -8.776951
56 58 -8.721826
56 59 -8.572184
56 60 -8.422543
56 61 -8.650095
56 62 -8.877647
56 63 -4.438824
56 64 0.000000

57 0 0.000000
57 1 -4.436558
57 2 -8.873116
57 3 -8.927820
57 4 -8.982523
57 5 -9.119405
57 6 -9.256287
57 7 -9.138414
57 8 -9.020542
57 9 -8.985731
57 10 -8.950919
57 11 -9.069567
57 12 -9.188214
57 13 -9.156360
57 14 -9.124506
57 15 -9.030176
57 16 -8.935846
57 17 -9.064628
57 18 -9.193409
57 19 -9.157567
57 20 -9.121725
57 21 -9.032434
57 22 -8.943143
57 23 -9.045144
57 24 -9.147145
57 25 -9.170248
57 26 -9.193352
57 27 -9.056242
57 28 -8.919132
57 29 -9.027702
57 30 -9.136272
57 31 -9.184090
57 32 -9.231909
57 33 -9.109623
57 34 -8.987337
57 35 -9.021024
57 36 -9.054710
57 37 -9.149586
57 38 -9.244461
57 39 -9.116222
57 40 -8.987984
57 41 -9.015907
57 42 -9.043832
57 43 -9.130341
57 44 -9.216850
57 45 -9.127035
57 46 -9.037220
57 47 -9.013163
57 48 -8.989105
57 49 -9.116898
57 50 -9.244688
57 51 -9.139694
57 52 -9.034700
57 53 -8.991680
57 54 -8.948659
57 55 -9.057152
57 56 -9.165646
57 57 -9.147459
57 58 -9.129273
57 59 -9.030299
57 60 -8.931325
57 61 -8.984596
57 62 -9.037868
57 63 -4.518934
57 64 0.000000

58 0 0.000000
58 1 -4.583774
58 2 -9.167547
58 3 -9.314043
58 4 -9.460539
58 5 -9.510145
58 6 -9.559752
58 7 -9.518620
58 8 -9.477489
58 9 -9.465349
58 10 -9.453209
58 11 -9.483652
58 12 -9.514095
58 13 -9.522490
58 14 -9.530885
58 15 -9.502012
58 16 -9.473141
58 17 -9.505373
58 18 -9.537605
58 19 -9.522337
58 20 -9.507069
58 21 -9.485699
58 22 -9.464329
58 23 -9.496666
58 24 -9.529003
58 25 -9.533909
58 26 -9.538814
58 27 -9.497055
58 28 -9.455297
58 29 -9.497528
58 30 -9.539761
58 31 -9.546983
58 32 -9.554205
58 33 -9.523483
58 34 -9.492761
58 35 -9.496599
58 36 -9.500437
58 37 -9.523967
58 38 -9.547497
58 39 -9.519417
58 40 -9.491337
58 41 -9.497963
58 42 -9.504589
58 43 -9.512053
58 44 -9.519517
58 45 -9.510198
58 46 -9.500878
58 47 -9.496178
58 48 -9.491478
58 49 -9.519248
58 50 -9.547018
58 51 -9.515854
58 52 -9.484690
58 53 -9.467175
58 54 -9.449661
58 55 -9.474439
58 56 -9.499216
58 57 -9.517969
58 58 -9.536721
58 59 -9.488415
58 60 -9.440107
58 61 -9.319098
58 62 -9.198089
58 63 -4.599044
58 64 0.000000

59 0 0.000000
59 1 -4.530972
59 2 -9.061943
59 3 -9.132139
59 4 -9.202335
59 5 -9.131132
59 6 -9.059929
59 7 -9.113020
59 8 -9.166111
59 9 -9.218398
59 10 -9.270685
59 11 -9.160501
59 12 -9.050318
59 13 -9.117262
59 14 -9.184208
59 15 -9.259214
59 16 -9.334222
59 17 -9.222622
59 18 -9.111021
59 19 -9.110043
59 20 -9.109065
59 21 -9.211973
59 22 -9.314880
59 23 -9.231318
59 24 -9.147754
59 25 -9.130295
59 26 -9.112837
59 27 -9.203096
59 28 -9.293356
59 29 -9.239717
59 30 -9.186080
59 31 -9.144570
59 32 -9.103062
59 33 -9.205555
59 34 -9.308050
59 35 -9.246606
59 36 -9.185162
59 37 -9.128156
59 38 -9.071150
59 39 -9.181686
59 40 -9.292222
59 41 -9.267413
59 42 -9.242605
59 43 -9.132904
59 44 -9.023205
59 45 -9.134357
59 46 -9.245511
59 47 -9.267397
59 48 -9.289282
59 49 -9.179955
59 50 -9.070627
59 51 -9.127159
59 52 -9.183690
59 53 -9.224730
59 54 -9.265769
59 55 -9.146282
59 56 -9.026796
59 57 -9.097780
59 58 -9.168765
59 59 -9.204125
59 60 -9.239485
59 61 -9.076974
59 62 -8.914463
59 63 -4.457232
59 64 0.000000

60 0 0.000000
60 1 -4.478170
60 2 -8.956340
60 3 -8.950236
60 4 -8.944133
60 5 -8.752119
60 6 -8.560105
60 7 -8.707418
60 8 -8.854732
60 9 -8.971447
60 10 -9.088161
60 11 -8.837351
60 12 -8.586540
60 13 -8.712035
60 14 -8.837530
60 15 -9.016417
60 16 -9.195303
60 17 -8.939871
60 18 -8.684438
60 19 -8.697750
60 20 -8.711061
60 21 -8.938248
60 22 -9.165433
60 23 -8.965969
60 24 -8.766504
60 25 -8.726683
60 26 -8.686860
60 27 -8.909138
60 28 -9.131414
60 29 -8.981907
60 30 -8.832399
60 31 -8.742159
60 32 -8.651917
60 33 -8.887629
60 34 -9.123339
60 35 -8.996613
60 36 -8.869885
60 37 -8.732344
60 38 -8.594803
60 39 -8.843955
60 40 -9.093107
60 41 -9.036863
60 42 -8.980620
60 43 -8.753756
60 44 -8.526892
60 45 -8.758518
60 46 -8.990144
60 47 -9.038615
60 48 -9.087087
60 49 -8.840661
60 50 -8.594235
60 51 -8.738462
60 52 -8.882690
60 53 -8.982284
60 54 -9.081877
60 55 -8.818127
60 56 -8.554377
60 57 -8.677593
60 58 -8.800809
60 59 -8.919836
60 60 -9.038863
60 61 -8.834850
60 62 -8.630837
60 63 -4.315419
60 64 0.000000

61 0 0.000000
61 1 -4.220038
61 2 -8.440077
61 3 -8.567158
61 4 -8.694238
61 5 -8.631129
61 6 -8.568020
61 7 -8.637527
61 8 -8.707035
61 9 -8.670973
61 10 -8.634911
61 11 -8.652173
61 12 -8.669436
61 13 -8.640625
61 14 -8.611814
61 15 -8.711398
61 16 -8.810983
61 17 -8.698311
61 18 -8.585639
61 19 -8.635748
61 20 -8.685858
61 21 -8.671741
61 22 -8.657627
61 23 -8.690004
61 24 -8.722381
61 25 -8.653370
61 26 -8.584358
61 27 -8.676829
61 28 -8.769300
61 29 -8.688582
61 30 -8.607864
61 31 -8.658323
61 32 -8.708783
61 33 -8.681552
61 34 -8.654321
61 35 -8.685587
61 36 -8.716852
61 37 -8.645655
61 38 -8.574457
61 39 -8.680504
61 40 -8.786550
61 41 -8.706903
61 42 -8.627258
61 43 -8.641592
61 44 -8.655926
61 45 -8.642550
61 46 -8.629175
61 47 -8.708188
61 48 -8.787201
61 49 -8.682787
61 50 -8.578373
61 51 -8.649298
61 52 -8.720223
61 53 -8.676003
61 54 -8.631783
61 55 -8.641832
61 56 -8.651880
61 57 -8.624587
61 58 -8.597294
61 59 -8.654827
61 60 -8.712360
61 61 -8.553214
61 62 -8.394069
61 63 -4.197034
61 64 0.000000

62 0 0.000000
62 1 -3.961907
62 2 -7.923813
62 3 -8.184078
62 4 -8.444343
62 5 -8.510139
62 6 -8.575935
62 7 -8.567636
62 8 -8.559339
62 9 -8.370500
62 10 -8.181661
62 11 -8.466995
62 12 -8.752331
62 13 -8.569214
62 14 -8.386097
62 15 -8.406380
62 16 -8.426662
62 17 -8.456751
62 18 -8.486840
62 19 -8.573748
62 20 -8.660654
62 21 -8.405237
62 22 -8.149820
62 23 -8.414039
62 24 -8.678257
62 25 -8.580057
62 26 -8.481856
62 27 -8.444521
62 28 -8.407187
62 29 -8.395258
62 30 -8.383330
62 31 -8.574490
62 32 -8.765649
62 33 -8.475475
62 34 -8.185303
62 35 -8.374561
62 36 -8.563820
62 37 -8.558966
62 38 -8.554111
62 39 -8.517052
62 40 -8.479992
62 41 -8.376944
62 42 -8.273895
62 43 -8.529428
62 44 -8.784960
62 45 -8.526584
62 46 -8.268208
62 47 -8.377762
62 48 -8.487315
62 49 -8.524914
62 50 -8.562511
62 51 -8.560134
62 52 -8.557756
62 53 -8.369723
62 54 -8.181690
62 55 -8.465537
62 56 -8.749384
62 57 -8.571582
62 58 -8.393780
62 59 -8.389818
62 60 -8.385857
62 61 -8.271578
62 62 -8.157300
62 63 -4.078650
62 64 0.000000

63 0 0.000000
63 1 -1.980953
63 2 -3.961907
63 3 -4.092039
63 4 -4.222171
63 5 -4.255070
63 6 -4.287968
63 7 -4.283818
63 8 -4.279669
63 9 -4.185250
63 10 -4.090830
63 11 -4.233498
63 12 -4.376165
63 13 -4.284607
63 14 -4.193048
63 15 -4.203190
63 16 -4.213331
63 17 -4.228375
63 18 -4.243420
63 19 -4.286874
63 20 -4.330327
63 21 -4.202619
63 22 -4.074910
63 23 -4.207019
63 24 -4.339128
63 25 -4.290029
63 26 -4.240928
63 27 -4.222260
63 28 -4.203593
63 29 -4.197629
63 30 -4.191665
63 31 -4.287245
63 32 -4.382824
63 33 -4.237738
63 34 -4.092651
63 35 -4.187281
63 36 -4.281910
63 37 -4.279483
63 38 -4.277056
63 39 -4.258526
63 40 -4.239996
63 41 -4.188472
63 42 -4.136948
63 43 -4.264714
63 44 -4.392480
63 45 -4.263292
63 46 -4.134104
63 47 -4.188881
63 48 -4.243658
63 49 -4.262457
63 50 -4.281256
63 51 -4.280067
63 52 -4.278878
63 53 -4.184862
63 54 -4.090845
63 55 -4.232769
63 56 -4.374692
63 57 -4.285791
63 58 -4.196890
63 59 -4.194909
63 60 -4.192928
63 61 -4.135789
63 62 -4.078650
63 63 -2.039325
63 64 0.000000

64 0 0.000000
64 1 0.000000
64 2 0.000000
64 3 0.000000
64 4 0.000000
64 5 0.000000
64 6 0.000000
64 7 0.000000
64 8 0.000000
64 9 0.000000
64 10 0.000000
64 11 0.000000
64 12 0.000000
64 13 0.000000
64 14 0.000000
64 15 0.000000
64 16 0.000000
64 17 0.000000
64 18 0.000000
64 19 0.000000
64 20 0.000000
64 21 0.000000
64 22 0.000000
64 23 0.000000
64 24 0.000000
64 25 0.000000
64 26 0.000000
64 27 0.000000
64 28 0.000000
64 29 0.000000
64 30 0.000000
64 31 0.000000
64 32 0.000000
64 33 0.000000
64 34 0.000000
64 35 0.000000
64 36 0.000000
64 37 0.000000
64 38 0.000000
64 39 0.000000
64 40 0.000000
64 41 0.000000
64 42 0.000000
64 43 0.000000
64 44 0.000000
64 45 0.000000
64 46 0.000000
64 47 0.000000
64 48 0.000000
64 49 0.000000
64 50 0.000000
64 51 0.000000
64 52 0.000000
64 53 0.000000
64 54 0.000000
64 55 0.000000
64 56 0.000000
64 57 0.000000
64 58 0.000000
64 59 0.000000
64 60 0.000000
64 61 0.000000
64 62 0.000000
64 63 0.000000
64 64 0.000000

