0 0 0.000000
0 1 0.000000
0 2 0.000000
0 3 0.000000
0 4 0.000000
0 5 0.000000
0 6 0.000000
0 7 0.000000
0 8 0.000000
0 9 0.000000
0 10 0.000000
0 11 0.000000
0 12 0.000000
0 13 0.000000
0 14 0.000000
0 15 0.000000
0 16 0.000000
0 17 0.000000
0 18 0.000000
0 19 0.000000
0 20 0.000000
0 21 0.000000
0 22 0.000000
0 23 0.000000
0 24 0.000000
0 25 0.000000
0 26 0.000000
0 27 0.000000
0 28 0.000000
0 29 0.000000
0 30 0.000000
0 31 0.000000
0 32 0.000000
0 33 0.000000
0 34 0.000000
0 35 0.000000
0 36 0.000000
0 37 0.000000
0 38 0.000000
0 39 0.000000
0 40 0.000000
0 41 0.000000
0 42 0.000000
0 43 0.000000
0 44 0.000000
0 45 0.000000
0 46 0.000000
0 47 0.000000
0 48 0.000000
0 49 0.000000
0 50 0.000000
0 51 0.000000
0 52 0.000000
0 53 0.000000
0 54 0.000000
0 55 0.000000
0 56 0.000000
0 57 0.000000
0 58 0.000000
0 59 0.000000
0 60 0.000000
0 61 0.000000
0 62 0.000000
0 63 0.000000
0 64 0.000000

1 0 0.000000
1 1 11.099535
1 2 10.651243
1 3 10.110007
1 4 10.439473
1 5 11.059060
1 6 11.025147
1 7 11.083283
1 8 10.854243
1 9 10.188753
1 10 10.260235
1 11 10.943854
1 12 11.062951
1 13 11.043867
1 14 11.007267
1 15 10.338006
1 16 10.142328
1 17 10.763014
1 18 11.095996
1 19 11.013940
1 20 11.086792
1 21 10.537009
1 22 10.100039
1 23 10.550359
1 24 11.089272
1 25 11.012923
1 26 11.097104
1 27 10.750211
1 28 10.137385
1 29 10.349286
1 30 11.014493
1 31 11.041431
1 32 11.065504
1 33 10.934224
1 34 10.250852
1 35 10.196159
1 36 10.865641
1 37 11.081122
1 38 11.027070
1 39 11.054101
1 40 10.426939
1 41 10.112660
1 42 10.664655
1 43 11.099877
1 44 11.009363
1 45 11.098967
1 46 10.637797
1 47 10.107665
1 48 10.452140
1 49 11.063717
1 50 11.023316
1 51 11.085355
1 52 10.842644
1 53 10.181626
1 54 10.269863
1 55 10.953219
1 56 11.060383
1 57 11.046344
1 58 10.999743
1 59 10.326926
1 60 10.147570
1 61 10.775689
1 62 11.094730
1 63 11.015077
1 64 0.000000

2 0 0.000000
2 1 10.665708
2 2 11.099916
2 3 10.946836
2 4 11.074920
2 5 10.856491
2 6 10.280429
2 7 10.478052
2 8 11.060026
2 9 10.986104
2 10 11.017174
2 11 11.007447
2 12 10.393359
2 13 10.332012
2 14 10.944085
2 15 11.045886
2 16 10.963587
2 17 11.088160
2 18 10.562911
2 19 10.252294
2 20 10.769482
2 21 11.092984
2 22 10.941492
2 23 11.094636
2 24 10.757439
2 25 10.249824
2 26 10.574744
2 27 11.090622
2 28 10.961082
2 29 11.049596
2 30 10.934565
2 31 10.324910
2 32 10.402553
2 33 11.014743
2 34 11.013348
2 35 10.989527
2 36 11.054970
2 37 10.467369
2 38 10.285439
2 39 10.867512
2 40 11.071875
2 41 10.948244
2 42 11.099573
2 43 10.653433
2 44 10.241276
2 45 10.677997
2 46 11.099996
2 47 10.945588
2 48 11.077835
2 49 10.845310
2 50 10.275710
2 51 10.488901
2 52 11.064775
2 53 10.982766
2 54 11.021020
2 55 10.999868
2 56 10.384393
2 57 10.339379
2 58 10.953368
2 59 11.042128
2 60 10.966221
2 61 11.085398
2 62 10.551179
2 63 10.255068
2 64 0.000000

3 0 0.000000
3 1 9.711771
3 2 10.629270
3 3 11.005088
3 4 10.814030
3 5 9.958408
3 6 9.369825
3 7 9.525242
3 8 10.383165
3 9 10.968775
3 10 10.930867
3 11 10.236737
3 12 9.454055
3 13 9.406847
3 14 10.104856
3 15 10.884123
3 16 10.990869
3 17 10.504797
3 18 9.604228
3 19 9.350629
3 20 9.836654
3 21 10.736014
3 22 11.009281
3 23 10.724449
3 24 9.821160
3 25 9.348977
3 26 9.615907
3 27 10.520260
3 28 10.993104
3 29 10.876852
3 30 10.087342
3 31 9.401608
3 32 9.461436
3 33 10.254251
3 34 10.936116
3 35 10.965068
3 36 10.366304
3 37 9.515860
3 38 9.373318
3 39 9.975276
3 40 10.823274
3 41 11.003957
3 42 10.615489
3 43 9.698165
3 44 9.343300
3 45 9.725619
3 46 10.642803
3 47 11.006082
3 48 10.804514
3 49 9.941669
3 50 9.366557
3 51 9.534895
3 52 10.399897
3 53 10.972295
3 54 10.925396
3 55 10.219182
3 56 9.446934
3 57 9.412331
3 58 10.122411
3 59 10.891142
3 60 10.988473
3 61 10.489138
3 62 9.592816
3 63 9.352491
3 64 0.000000

4 0 0.000000
4 1 9.114771
4 2 9.672017
4 3 10.231206
4 4 9.896665
4 5 9.190504
4 6 9.130542
4 7 9.100862
4 8 9.445965
4 9 10.152699
4 10 10.080666
4 11 9.340313
4 12 9.108629
4 13 9.118964
4 14 9.261163
4 15 10.001441
4 16 10.199090
4 17 9.549266
4 18 9.101356
4 19 9.137934
4 20 9.145946
4 21 9.794296
4 22 10.241081
4 23 9.780148
4 24 9.141246
4 25 9.138618
4 26 9.102142
4 27 9.563514
4 28 10.204011
4 29 9.989875
4 30 9.251758
4 31 9.120404
4 32 9.107413
4 33 9.351943
4 34 10.090163
4 35 10.145269
4 36 9.432800
4 37 9.101406
4 38 9.129304
4 39 9.197711
4 40 9.909698
4 41 10.228576
4 42 9.657467
4 43 9.112343
4 44 9.141031
4 45 9.117447
4 46 9.686560
4 47 10.233528
4 48 9.883466
4 49 9.183598
4 50 9.131729
4 51 9.100443
4 52 9.459295
4 53 10.159840
4 54 10.070907
4 55 9.328921
4 56 9.109900
4 57 9.117523
4 58 9.270849
4 59 10.012784
4 60 10.193868
4 61 9.535106
4 62 9.100756
4 63 9.137171
4 64 0.000000

5 0 0.000000
5 1 9.423586
5 2 9.108250
5 3 9.336695
5 4 9.166245
5 5 9.258787
5 6 9.782574
5 7 9.595086
5 8 9.110081
5 9 9.288172
5 10 9.248240
5 11 9.142341
5 12 9.674666
5 13 9.733041
5 14 9.188693
5 15 9.209374
5 16 9.316209
5 17 9.100078
5 18 9.516633
5 19 9.809757
5 20 9.332391
5 21 9.133641
5 22 9.343172
5 23 9.129917
5 24 9.342807
5 25 9.812149
5 26 9.505804
5 27 9.100011
5 28 9.319290
5 29 9.204146
5 30 9.196044
5 31 9.739838
5 32 9.665970
5 33 9.137395
5 34 9.253255
5 35 9.283852
5 36 9.112717
5 37 9.605056
5 38 9.777744
5 39 9.249707
5 40 9.171086
5 41 9.334983
5 42 9.106308
5 43 9.434568
5 44 9.820435
5 45 9.412629
5 46 9.110432
5 47 9.338210
5 48 9.161499
5 49 9.268062
5 50 9.787125
5 51 9.584980
5 52 9.107756
5 53 9.292369
5 54 9.243166
5 55 9.147587
5 56 9.683161
5 57 9.726001
5 58 9.181605
5 59 9.214613
5 60 9.312962
5 61 9.100435
5 62 9.527397
5 63 9.807072
5 64 0.000000

6 0 0.000000
6 1 10.354294
6 2 9.456294
6 3 9.143963
6 4 9.294316
6 5 10.100477
6 6 10.726446
6 7 10.553526
6 8 9.684325
6 9 9.170036
6 10 9.198919
6 11 9.824837
6 12 10.631753
6 13 10.684499
6 14 9.954075
6 15 9.236145
6 16 9.153942
6 17 9.570214
6 18 10.468255
6 19 10.748429
6 20 10.224572
6 21 9.361452
6 22 9.141088
6 23 9.371576
6 24 10.240527
6 25 10.750329
6 26 10.455767
6 27 9.555893
6 28 9.152351
6 29 9.242063
6 30 9.971423
6 31 10.690403
6 32 10.623572
6 33 9.807862
6 34 9.194840
6 35 9.172796
6 36 9.700337
6 37 10.563755
6 38 10.722466
6 39 10.083459
6 40 9.286513
6 41 9.144744
6 42 9.468745
6 43 10.368589
6 44 10.756868
6 45 10.339778
6 46 9.444109
6 47 9.143278
6 48 9.302386
6 49 10.117407
6 50 10.730177
6 51 10.543024
6 52 9.668482
6 53 9.167430
6 54 9.203195
6 55 9.841897
6 56 10.639662
6 57 10.678331
6 58 9.936729
6 59 9.230463
6 60 9.155655
6 61 9.584761
6 62 10.480487
6 63 10.746289
6 64 0.000000

7 0 0.000000
7 1 11.051205
7 2 10.396158
7 3 9.830208
7 4 10.163130
7 5 10.941729
7 6 11.094368
7 7 11.094996
7 8 10.640738
7 9 9.906905
7 10 9.978048
7 11 10.760317
7 12 11.099949
7 13 11.098572
7 14 10.853621
7 15 10.057140
7 16 9.861477
7 17 10.527433
7 18 11.081306
7 19 11.090939
7 20 11.002223
7 21 10.268281
7 22 9.820622
7 23 10.282946
7 24 11.009048
7 25 11.090600
7 26 11.078639
7 27 10.512026
7 28 9.856676
7 29 10.068763
7 30 10.865017
7 31 11.098155
7 32 11.099805
7 33 10.746920
7 34 9.968626
7 35 9.914208
7 36 10.655406
7 37 11.096081
7 38 11.094894
7 39 10.932419
7 40 10.149857
7 41 9.832764
7 42 10.411555
7 43 11.055671
7 44 11.089381
7 45 11.046476
7 46 10.380809
7 47 9.827952
7 48 10.176596
7 49 10.950748
7 50 11.093848
7 51 11.093754
7 52 10.625944
7 53 9.899892
7 54 9.987742
7 55 10.773506
7 56 11.100000
7 57 11.098948
7 58 10.841965
7 59 10.045762
7 60 9.866575
7 61 10.542795
7 62 11.083759
7 63 11.091312
7 64 0.000000

8 0 0.000000
8 1 10.873583
8 2 11.063737
8 3 10.764499
8 4 10.973902
8 5 11.009099
8 6 10.548072
8 7 10.721672
8 8 11.100000
8 9 10.821305
8 10 10.869300
8 11 11.088705
8 12 10.648797
8 13 10.594563
8 14 11.060290
8 15 10.917541
8 16 10.788309
8 17 11.091673
8 18 10.792149
8 19 10.522384
8 20 10.950375
8 21 11.020393
8 22 10.757016
8 23 11.026115
8 24 10.941794
8 25 10.520118
8 26 10.801756
8 27 11.089344
8 28 10.784713
8 29 10.924183
8 30 11.055257
8 31 10.588208
8 32 10.656822
8 33 11.091203
8 34 10.863196
8 35 10.826437
8 36 11.099837
8 37 10.712614
8 38 10.552624
8 39 11.016057
8 40 10.967362
8 41 10.766479
8 42 11.067924
8 43 10.864113
8 44 10.512261
8 45 10.882989
8 46 11.059336
8 47 10.762746
8 48 10.980384
8 49 11.001917
8 50 10.543780
8 51 10.730831
8 52 11.099856
8 53 10.816333
8 54 10.875499
8 55 11.085897
8 56 10.640944
8 57 10.601136
8 58 11.065041
8 59 10.910928
8 60 10.792106
8 61 11.093725
8 62 10.782569
8 63 10.524927
8 64 0.000000

9 0 0.000000
9 1 9.984733
9 2 10.845261
9 3 11.087852
9 4 10.981214
9 5 10.240648
9 6 9.589822
9 7 9.776786
9 8 10.639867
9 9 11.072540
9 10 11.053261
9 11 10.508082
9 12 9.693084
9 13 9.635856
9 14 10.384075
9 15 11.026299
9 16 11.082314
9 17 10.744173
9 18 9.866633
9 19 9.565492
9 20 10.116695
9 21 10.926301
9 22 11.089353
9 23 10.917820
9 24 10.100599
9 25 9.563381
9 26 9.879682
9 27 10.757064
9 28 11.083227
9 29 11.021853
9 30 10.367240
9 31 9.629406
9 32 9.701900
9 33 10.524179
9 34 11.056087
9 35 11.070783
9 36 10.625023
9 37 9.765913
9 38 9.594213
9 39 10.257478
9 40 10.987419
9 41 11.087438
9 42 10.834388
9 43 9.970035
9 44 9.556110
9 45 9.999626
9 46 10.855853
9 47 11.088214
9 48 10.974751
9 49 10.223867
9 50 9.585703
9 51 9.787926
9 52 10.654506
9 53 11.074181
9 54 11.050266
9 55 10.491858
9 56 9.684546
9 57 9.642583
9 58 10.400864
9 59 11.030531
9 60 11.081317
9 61 10.731030
9 62 9.853828
9 63 9.567866
9 64 0.000000

10 0 0.000000
10 1 9.201859
10 2 9.941596
10 3 10.502980
10 4 10.178342
10 5 9.342887
10 6 9.100627
10 7 9.129061
10 8 9.683382
10 9 10.429626
10 10 10.360799
10 11 9.552271
10 12 9.111488
10 13 9.103881
10 14 9.446682
10 15 10.283422
10 16 10.473184
10 17 9.804424
10 18 9.155675
10 19 9.100024
10 20 9.267667
10 21 10.072512
10 22 10.512083
10 23 10.057624
10 24 9.258853
10 25 9.100010
10 26 9.160168
10 27 9.820683
10 28 10.477767
10 29 10.271976
10 30 9.433523
10 31 9.103266
10 32 9.112989
10 33 9.567167
10 34 10.369957
10 35 10.422596
10 36 9.667505
10 37 9.126370
10 38 9.100821
10 39 9.354114
10 40 10.191587
10 41 10.500550
10 42 9.925659
10 43 9.195445
10 44 9.100010
10 45 9.208547
10 46 9.957443
10 47 10.505123
10 48 10.164877
10 49 9.331935
10 50 9.100469
10 51 9.131940
10 52 9.699346
10 53 10.436371
10 54 10.351362
10 55 9.537548
10 56 9.110116
10 57 9.104577
10 58 9.460074
10 59 10.294608
10 60 10.468310
10 61 9.788168
10 62 9.151418
10 63 9.100047
10 64 0.000000

11 0 0.000000
11 1 9.244732
11 2 9.183567
11 3 9.547609
11 4 9.303444
11 5 9.141212
11 6 9.530252
11 7 9.374014
11 8 9.109935
11 9 9.483656
11 10 9.428560
11 11 9.100039
11 12 9.438725
11 13 9.487734
11 14 9.109947
11 15 9.371908
11 16 9.520951
11 17 9.136427
11 18 9.312924
11 19 9.553930
11 20 9.183882
11 21 9.243995
11 22 9.555946
11 23 9.236389
11 24 9.190454
11 25 9.556026
11 26 9.304731
11 27 9.141105
11 28 9.524990
11 29 9.363985
11 30 9.112563
11 31 9.493519
11 32 9.431533
11 33 9.100039
11 34 9.435629
11 35 9.477816
11 36 9.107621
11 37 9.381978
11 38 9.526070
11 39 9.136515
11 40 9.311551
11 41 9.545400
11 42 9.177219
11 43 9.252501
11 44 9.563295
11 45 9.237066
11 46 9.190100
11 47 9.549564
11 48 9.295355
11 49 9.146159
11 50 9.534199
11 51 9.365984
11 52 9.112545
11 53 9.489305
11 54 9.421358
11 55 9.100353
11 56 9.445781
11 57 9.481759
11 58 9.107630
11 59 9.379765
11 60 9.516681
11 61 9.132004
11 62 9.321129
11 63 9.551580
11 64 0.000000

12 0 0.000000
12 1 10.073935
12 2 9.268103
12 3 9.100104
12 4 9.160896
12 5 9.821042
12 6 10.483701
12 7 10.286435
12 8 9.446749
12 9 9.104349
12 10 9.113640
12 11 9.567167
12 12 10.373937
12 13 10.434502
12 14 9.683462
12 15 9.129800
12 16 9.101093
12 17 9.354334
12 18 10.193809
12 19 10.509891
12 20 9.942372
12 21 9.202486
12 22 9.100010
12 23 9.209154
12 24 9.958287
12 25 10.512169
12 26 10.180462
12 27 9.343131
12 28 9.100875
12 29 9.132683
12 30 9.699448
12 31 10.441368
12 32 10.364662
12 33 9.552271
12 34 9.112122
12 35 9.105070
12 36 9.460126
12 37 10.297732
12 38 10.478989
12 39 9.804740
12 40 9.156411
12 41 9.100146
12 42 9.277180
12 43 10.088743
12 44 10.520025
12 45 10.058963
12 46 9.259315
12 47 9.100074
12 48 9.165621
12 49 9.837340
12 50 10.488125
12 51 10.274880
12 52 9.433607
12 53 9.103708
12 54 9.115294
12 55 9.582230
12 56 10.382932
12 57 10.427349
12 58 9.667566
12 59 9.127102
12 60 9.101353
12 61 9.365810
12 62 10.206932
12 63 10.507328
12 64 0.000000

13 0 0.000000
13 1 10.927102
13 2 10.117481
13 3 9.571899
13 4 9.881757
13 5 10.757346
13 6 11.084377
13 7 11.027450
13 8 10.384159
13 9 9.640440
13 10 9.705576
13 11 10.524179
13 12 11.057292
13 13 11.073730
13 14 10.639940
13 15 9.779689
13 16 9.599627
13 17 10.257804
13 18 10.988445
13 19 11.089000
13 20 10.845785
13 21 9.986148
13 22 9.563460
13 23 10.000959
13 24 10.856411
13 25 11.089367
13 26 10.982217
13 27 10.241019
13 28 9.595350
13 29 9.790728
13 30 10.654599
13 31 11.075366
13 32 11.054463
13 33 10.508082
13 34 9.696865
13 35 9.647058
13 36 10.400928
13 37 11.031693
13 38 11.083467
13 39 10.744426
13 40 9.868803
13 41 9.574154
13 42 10.133638
13 43 10.935335
13 44 11.090587
13 45 10.918591
13 46 10.101452
13 47 9.569911
13 48 9.894950
13 49 10.770010
13 50 11.085211
13 51 11.022992
13 52 10.367348
13 53 9.634099
13 54 9.714564
13 55 10.540142
13 56 11.059958
13 57 11.071977
13 58 10.625080
13 59 9.768918
13 60 9.604177
13 61 10.274629
13 62 10.994422
13 63 11.088581
13 64 0.000000

14 0 0.000000
14 1 11.019835
14 2 10.950788
14 3 10.529228
14 4 10.803269
14 5 11.089289
14 6 10.780023
14 7 10.915771
14 8 11.060315
14 9 10.599048
14 10 10.660143
14 11 11.091204
14 12 10.860518
14 13 10.817717
14 14 11.100000
14 15 10.724072
14 16 10.558201
14 17 11.016190
14 18 10.966250
14 19 10.758827
14 20 11.063527
14 21 10.874485
14 22 10.520203
14 23 10.883822
14 24 11.059094
14 25 10.756946
14 26 10.972866
14 27 11.009255
14 28 10.553800
14 29 10.733116
14 30 11.099854
14 31 10.812617
14 32 10.866735
14 33 11.088705
14 34 10.652249
14 35 10.605479
14 36 11.065059
14 37 10.909060
14 38 10.783751
14 39 11.091630
14 40 10.793756
14 41 10.531623
14 42 10.959169
14 43 11.013925
14 44 10.750407
14 45 11.025609
14 46 10.942255
14 47 10.527110
14 48 10.812802
14 49 11.086676
14 50 10.776499
14 51 10.922510
14 52 11.055290
14 53 10.592837
14 54 10.668203
14 55 11.093390
14 56 10.854403
14 57 10.822973
14 58 11.099838
14 59 10.715129
14 60 10.562859
14 61 11.022894
14 62 10.959585
14 63 10.760937
14 64 0.000000

15 0 0.000000
15 1 10.266877
15 2 11.001884
15 3 11.091927
15 4 11.078200
15 5 10.511684
15 6 9.850458
15 7 10.054077
15 8 10.853562
15 9 11.098834
15 10 11.099718
15 11 10.746920
15 12 9.964527
15 13 9.901837
15 14 10.640664
15 15 11.094686
15 16 11.095508
15 17 10.932236
15 18 10.147629
15 19 9.822932
15 20 10.395407
15 21 11.050765
15 22 11.090613
15 23 11.046042
15 24 10.379991
15 25 9.820532
15 26 10.161007
15 27 10.941526
15 28 11.095027
15 29 11.093421
15 30 10.625849
15 31 9.894691
15 32 9.974075
15 33 10.760317
15 34 11.099898
15 35 11.099166
15 36 10.841919
15 37 10.042581
15 38 9.855397
15 39 10.527134
15 40 11.080874
15 41 11.092259
15 42 10.994785
15 43 10.252256
15 44 9.812247
15 45 10.281628
15 46 11.008693
15 47 11.091627
15 48 11.075308
15 49 10.496197
15 50 9.845818
15 51 10.065816
15 52 10.864944
15 53 11.098463
15 54 11.099439
15 55 10.733320
15 56 9.955254
15 57 9.909272
15 58 10.655350
15 59 11.095794
15 60 11.095991
15 61 10.922655
15 62 10.134450
15 63 9.825631
15 64 0.000000

16 0 0.000000
16 1 9.360493
16 2 10.223792
16 3 10.742653
16 4 10.453778
16 5 9.555578
16 6 9.150322
16 7 9.234605
16 8 9.953988
16 9 10.680297
16 10 10.620157
16 11 9.807862
16 12 9.193091
16 13 9.168149
16 14 9.684244
16 15 10.550791
16 16 10.717549
16 17 10.083128
16 18 9.285218
16 19 9.141772
16 20 9.455691
16 21 10.352916
16 22 10.750258
16 23 10.338476
16 24 9.443465
16 25 9.141061
16 26 9.293058
16 27 10.100102
16 28 10.721432
16 29 10.540380
16 30 9.668381
16 31 9.165526
16 32 9.197190
16 33 9.824837
16 34 10.628246
16 35 10.674224
16 36 9.936663
16 37 9.228894
16 38 9.151931
16 39 9.569933
16 40 10.466181
16 41 10.740618
16 42 10.207740
16 43 9.350604
16 44 9.138646
16 45 9.370659
16 46 10.239683
16 47 10.744447
16 48 10.441120
16 49 9.541456
16 50 9.148831
16 51 9.240551
16 52 9.971313
16 53 10.686108
16 54 10.611795
16 55 9.790979
16 56 9.189184
16 57 9.170926
16 58 9.700274
16 59 10.560930
16 60 10.713414
16 61 10.066072
16 62 9.277641
16 63 9.142579
16 64 0.000000

17 0 0.000000
17 1 9.134008
17 2 9.331887
17 3 9.802527
17 4 9.504095
17 5 9.100013
17 6 9.323316
17 7 9.210773
17 8 9.188657
17 9 9.728239
17 10 9.662367
17 11 9.137395
17 12 9.255462
17 13 9.291200
17 14 9.110068
17 15 9.592442
17 16 9.771819
17 17 9.249533
17 18 9.171914
17 19 9.341602
17 20 9.108351
17 21 9.422538
17 22 9.812058
17 23 9.411656
17 24 9.110556
17 25 9.343234
17 26 9.167009
17 27 9.258585
17 28 9.776496
17 29 9.582457
17 30 9.107741
17 31 9.295511
17 32 9.250344
17 33 9.142341
17 34 9.670927
17 35 9.721344
17 36 9.181579
17 37 9.216098
17 38 9.320116
17 39 9.100074
17 40 9.514824
17 41 9.799995
17 42 9.321640
17 43 9.137943
17 44 9.348909
17 45 9.130243
17 46 9.342250
17 47 9.804767
17 48 9.493309
17 49 9.100239
17 50 9.326345
17 51 9.205461
17 52 9.195995
17 53 9.734888
17 54 9.653610
17 55 9.132751
17 56 9.260515
17 57 9.286765
17 58 9.112706
17 59 9.602290
17 60 9.766869
17 61 9.240683
17 62 9.176907
17 63 9.339776
17 64 0.000000

18 0 0.000000
18 1 9.795652
18 2 9.146181
18 3 9.135898
18 4 9.102284
18 5 9.563830
18 6 10.210390
18 7 10.004493
18 8 9.261210
18 9 9.117975
18 10 9.106935
18 11 9.351942
18 12 10.094297
18 13 10.157858
18 14 9.446032
18 15 9.100739
18 16 9.127817
18 17 9.197854
18 18 9.911888
18 19 10.238701
18 20 9.672729
18 21 9.115016
18 22 9.138592
18 23 9.117697
18 24 9.687336
18 25 10.241175
18 26 9.898747
18 27 9.190660
18 28 9.128988
18 29 9.100360
18 30 9.459381
18 31 10.165140
18 32 10.084668
18 33 9.340313
18 34 9.108096
18 35 9.116598
18 36 9.270887
18 37 10.015957
18 38 10.205323
18 39 9.549542
18 40 9.101475
18 41 9.135197
18 42 9.151160
18 43 9.809793
18 44 10.249723
18 45 9.781418
18 46 9.141489
18 47 9.136522
18 48 9.103287
18 49 9.578197
18 50 10.215155
18 51 9.992805
18 52 9.251817
18 53 9.119350
18 54 9.105834
18 55 9.363807
18 56 10.103664
18 57 10.150290
18 58 9.432851
18 59 9.101242
18 60 9.126602
18 61 9.205345
18 62 9.924860
18 63 10.235920
18 64 0.000000

19 0 0.000000
19 1 10.737113
19 2 9.837413
19 3 9.355659
19 4 9.617768
19 5 10.520600
19 6 10.995973
19 7 10.886022
19 8 10.104944
19 9 9.410582
19 10 9.464522
19 11 10.254251
19 12 10.938376
19 13 10.971322
19 14 10.383251
19 15 9.527753
19 16 9.377637
19 17 9.975604
19 18 10.824812
19 19 11.008278
19 20 10.629938
19 21 9.713084
19 22 9.349039
19 23 9.726862
19 24 10.643518
19 25 11.009320
19 26 10.815517
19 27 9.958779
19 28 9.374224
19 29 9.537329
19 30 10.400002
19 31 10.974879
19 32 10.933088
19 33 10.236737
19 34 9.457217
19 35 9.415989
19 36 10.122478
19 37 10.893085
19 38 10.993697
19 39 10.505100
19 40 9.606165
19 41 9.357433
19 42 9.853040
19 43 10.748458
19 44 11.012882
19 45 10.725495
19 46 9.821979
19 47 9.354095
19 48 9.629639
19 49 10.535899
19 50 10.998092
19 51 10.878706
19 52 10.087454
19 53 9.405418
19 54 9.472090
19 55 10.271716
19 56 10.943445
19 57 10.967578
19 58 10.366370
19 59 9.518448
19 60 9.381273
19 61 9.992550
19 62 10.833837
19 63 11.007100
19 64 0.000000

20 0 0.000000
20 1 11.092815
20 2 10.770065
20 3 10.259765
20 4 10.576614
20 5 11.090672
20 6 10.957803
20 7 11.044887
20 8 10.944132
20 9 10.337036
20 10 10.406366
20 11 11.014743
20 12 11.011656
20 13 10.983697
20 14 11.060051
20 15 10.480888
20 16 10.291594
20 17 10.867723
20 18 11.071347
20 19 10.942789
20 20 11.099925
20 21 10.666882
20 22 10.249917
20 23 10.679090
20 24 11.099993
20 25 10.941442
20 26 11.074444
20 27 10.856736
20 28 10.286736
20 29 10.491615
20 30 11.064804
20 31 10.980259
20 32 11.015572
20 33 11.007447
20 34 10.397310
20 35 10.344255
20 36 10.953403
20 37 11.041056
20 38 10.960411
20 39 11.088210
20 40 10.564886
20 41 10.262383
20 42 10.781974
20 43 11.090934
20 44 10.936742
20 45 11.094496
20 46 10.758080
20 47 10.257450
20 48 10.588439
20 49 11.092837
20 50 10.955328
20 51 11.048667
20 52 10.934627
20 53 10.330081
20 54 10.415644
20 55 11.021751
20 56 11.007767
20 57 10.987220
20 58 11.054990
20 59 10.470330
20 60 10.296740
20 61 10.878544
20 62 11.068128
20 63 10.944297
20 64 0.000000

21 0 0.000000
21 1 10.535728
21 2 11.086664
21 3 11.016984
21 4 11.097264
21 5 10.749926
21 6 10.130973
21 7 10.335027
21 8 11.007229
21 9 11.045561
21 10 11.066539
21 11 10.934224
21 12 10.246764
21 13 10.183605
21 14 10.854184
21 15 11.083837
21 16 11.029401
21 17 11.054002
21 18 10.424830
21 19 10.102445
21 20 10.650586
21 21 11.099491
21 22 11.012962
21 23 11.098905
21 24 10.637078
21 25 10.099946
21 26 10.437471
21 27 11.058953
21 28 11.027563
21 29 11.085853
21 30 10.842569
21 31 10.176333
21 32 10.256283
21 33 10.943854
21 34 11.064058
21 35 11.047956
21 36 10.999714
21 37 10.323823
21 38 10.136066
21 39 10.762765
21 40 11.096193
21 41 11.018039
21 42 11.083904
21 43 10.522350
21 44 10.091306
21 45 10.549162
21 46 11.089147
21 47 11.016047
21 48 11.098171
21 49 10.736966
21 50 10.126180
21 51 10.346429
21 52 11.014447
21 53 11.043209
21 54 11.068996
21 55 10.924333
21 56 10.237492
21 57 10.191156
21 58 10.865597
21 59 11.081733
21 60 11.031324
21 61 11.048749
21 62 10.412327
21 63 10.105252
21 64 0.000000

22 0 0.000000
22 1 9.578034
22 2 10.496128
22 3 10.931132
22 4 10.701034
22 5 9.811640
22 6 9.275668
22 7 9.409085
22 8 10.236224
22 9 10.884742
22 10 10.838080
22 11 10.086724
22 12 9.346938
22 13 9.306647
22 14 9.954925
22 15 10.782250
22 16 10.912722
22 17 10.363175
22 18 9.479667
22 19 9.259852
22 20 9.695041
22 21 10.613173
22 22 10.936634
22 23 10.600332
22 24 9.680377
22 25 9.258500
22 26 9.490231
22 27 10.379514
22 28 10.915594
22 29 10.773703
22 30 9.937620
22 31 9.302227
22 32 9.353309
22 33 10.104426
22 34 10.844456
22 35 10.880110
22 36 10.218831
22 37 9.400810
22 38 9.278563
22 39 9.827977
22 40 10.711605
22 41 10.929654
22 42 10.481238
22 43 9.565459
22 44 9.253863
22 45 9.590871
22 46 10.510797
22 47 10.932434
22 48 10.690189
22 49 9.795471
22 50 9.272963
22 51 9.417625
22 52 10.253530
22 53 10.889155
22 54 10.831459
22 55 10.069027
22 56 9.340808
22 57 9.311284
22 58 9.972318
22 59 10.790536
22 60 10.909655
22 61 10.346679
22 62 9.469375
22 63 9.261378
22 64 0.000000

23 0 0.000000
23 1 9.100235
23 2 9.541394
23 3 10.081142
23 4 9.752216
23 5 9.138472
23 6 9.178250
23 7 9.118368
23 8 9.339975
23 9 10.002436
23 10 9.931035
23 11 9.251431
23 12 9.139474
23 13 9.159095
23 14 9.189047
23 15 9.853407
23 16 10.048830
23 17 9.430387
23 18 9.104835
23 19 9.189689
23 20 9.111814
23 21 9.655047
23 22 10.091109
23 23 9.641757
23 24 9.109475
23 25 9.190725
23 26 9.103608
23 27 9.443090
23 28 10.053772
23 29 9.842154
23 30 9.181963
23 31 9.161591
23 32 9.136840
23 33 9.260929
23 34 9.940404
23 35 9.995035
23 36 9.328696
23 37 9.120628
23 38 9.176286
23 39 9.143286
23 40 9.764710
23 41 10.078489
23 42 9.528064
23 43 9.100023
23 44 9.194356
23 45 9.100671
23 46 9.554763
23 47 10.083486
23 48 9.739591
23 49 9.133959
23 50 9.180120
23 51 9.116195
23 52 9.351459
23 53 10.009556
23 54 9.921421
23 55 9.242198
23 56 9.142122
23 57 9.156554
23 58 9.196429
23 59 9.864463
23 60 10.043592
23 61 9.417814
23 62 9.106217
23 63 9.188530
23 64 0.000000

24 0 0.000000
24 1 9.541615
24 2 9.100241
24 3 9.248490
24 4 9.123150
24 5 9.349329
24 6 9.928286
24 7 9.730159
24 8 9.142490
24 9 9.209829
24 10 9.179336
24 11 9.196308
24 12 9.815114
24 13 9.876606
24 14 9.260695
24 15 9.151279
24 16 9.231984
24 17 9.113237
24 18 9.644954
24 19 9.956461
24 20 9.437120
24 21 9.106009
24 22 9.253758
24 23 9.104488
24 24 9.449258
24 25 9.958935
24 26 9.633065
24 27 9.110627
24 28 9.234451
24 29 9.147668
24 30 9.270345
24 31 9.883723
24 32 9.805896
24 33 9.188870
24 34 9.183084
24 35 9.206465
24 36 9.147695
24 37 9.740877
24 38 9.923266
24 39 9.338194
24 40 9.126081
24 41 9.247102
24 42 9.100725
24 43 9.553962
24 44 9.967494
24 45 9.529250
24 46 9.100018
24 47 9.249722
24 48 9.120351
24 49 9.360620
24 50 9.933011
24 51 9.719270
24 52 9.137592
24 53 9.213111
24 54 9.175569
24 55 9.204029
24 56 9.824105
24 57 9.869225
24 58 9.251280
24 59 9.154943
24 60 9.229392
24 61 9.116148
24 62 9.656739
24 63 9.953684
24 64 0.000000

25 0 0.000000
25 1 10.496371
25 2 9.578261
25 3 9.198712
25 4 9.392196
25 5 10.250350
25 6 10.836195
25 7 10.681980
25 8 9.825336
25 9 9.235642
25 10 9.274092
25 11 9.972036
25 12 10.752677
25 13 10.799505
25 14 10.103997
25 15 9.321403
25 16 9.213188
25 17 9.703314
25 18 10.603440
25 19 10.855204
25 20 10.371876
25 21 9.470841
25 22 9.194439
25 23 9.482490
25 24 10.387330
25 25 10.856838
25 26 10.591820
25 27 9.687789
25 28 9.210913
25 29 9.328753
25 30 10.121509
25 31 10.804701
25 32 10.745351
25 33 9.954500
25 34 9.268773
25 35 9.239407
25 36 9.842238
25 37 10.691302
25 38 10.832736
25 39 10.233503
25 40 9.382867
25 41 9.199865
25 42 9.592115
25 43 10.509925
25 44 10.862457
25 45 10.482574
25 46 9.564652
25 47 9.197700
25 48 9.401796
25 49 10.267064
25 50 10.839432
25 51 10.672387
25 52 9.808560
25 53 9.232068
25 54 9.279634
25 55 9.989612
25 56 10.759745
25 57 10.794068
25 58 10.086440
25 59 9.314304
25 60 9.215625
25 61 9.719032
25 62 10.614794
25 63 10.853360
25 64 0.000000

26 0 0.000000
26 1 11.086707
26 2 10.535967
26 3 9.977575
26 4 10.311994
26 5 11.013141
26 6 11.067250
26 7 11.098732
26 8 10.760706
26 9 10.056142
26 10 10.128184
26 11 10.865414
26 12 11.090172
26 13 11.079283
26 14 10.943624
26 15 10.207364
26 16 10.009724
26 17 10.658101
26 18 11.099067
26 19 11.059615
26 20 11.056670
26 21 10.414120
26 22 9.967689
26 23 10.428227
26 24 11.061233
26 25 11.058909
26 26 11.098398
26 27 10.643935
26 28 10.004797
26 29 10.218919
26 30 10.952898
26 31 11.077780
26 32 11.091474
26 33 10.853903
26 34 10.118689
26 35 10.063575
26 36 10.773767
26 37 11.098086
26 38 11.068531
26 39 11.006071
26 40 10.298984
26 41 9.980208
26 42 10.550453
26 43 11.089005
26 44 11.056422
26 45 11.084162
26 46 10.521483
26 47 9.975248
26 48 10.325168
26 49 11.019911
26 50 11.066022
26 51 11.099255
26 52 10.747477
26 53 10.048998
26 54 10.137940
26 55 10.876685
26 56 11.088819
26 57 11.080790
26 58 10.934068
26 59 10.196031
26 60 10.014949
26 61 10.672176
26 62 11.099549
26 63 11.060401
26 64 0.000000

27 0 0.000000
27 1 10.769869
27 2 11.092847
27 3 10.868995
27 4 11.036886
27 5 10.936395
27 6 10.409021
27 7 10.597255
27 8 11.088627
27 9 10.916965
27 10 10.956365
27 11 11.055075
27 12 10.517308
27 13 10.458713
27 14 11.007627
27 15 10.994617
27 16 10.889258
27 17 11.099773
27 18 10.676156
27 19 10.381762
27 20 10.861906
27 21 11.068599
27 22 10.862585
27 23 11.072195
27 24 10.851383
27 25 10.379363
27 26 10.687054
27 27 11.099991
27 28 10.886210
27 29 10.999752
27 30 11.000137
27 31 10.451893
27 32 10.526040
27 33 11.060171
27 34 10.951422
27 35 10.921232
27 36 11.085838
27 37 10.587235
27 38 10.413864
27 39 10.945601
27 40 11.032155
27 41 10.870688
27 42 11.094646
27 43 10.758800
27 44 10.371057
27 45 10.780916
27 46 11.090805
27 47 10.867495
27 48 11.041521
27 49 10.926995
27 50 10.404457
27 51 10.607412
27 52 11.091106
27 53 10.912819
27 54 10.961365
27 55 11.049679
27 56 10.508778
27 57 10.465777
27 58 11.014857
27 59 10.989468
27 60 10.892468
27 61 11.099265
27 62 10.665324
27 63 10.384455
27 64 0.000000

28 0 0.000000
28 1 9.837156
28 2 10.736909
28 3 11.053405
28 4 10.900410
28 5 10.090672
28 6 9.466680
28 7 9.638604
28 8 10.507609
28 9 11.026674
28 10 10.997208
28 11 10.366644
28 12 9.560773
28 13 9.508344
28 14 10.237163
28 15 10.959363
28 16 11.043154
28 17 10.622259
28 18 9.723531
28 19 9.444859
28 20 9.966650
28 21 10.832552
28 22 11.056365
28 23 10.822331
28 24 9.950715
28 25 9.442972
28 26 9.735976
28 27 10.636660
28 28 11.044786
28 29 10.953358
28 30 10.219795
28 31 9.502478
28 32 9.568909
28 33 10.383662
28 34 11.001362
28 35 11.023852
28 36 10.491534
28 37 9.628423
28 38 9.470632
28 39 10.107691
28 40 10.908308
28 41 11.052601
28 42 10.724367
28 43 9.822896
28 44 9.436483
28 45 9.851639
28 46 10.749186
28 47 11.054110
28 48 10.892244
28 49 10.073745
28 50 9.462976
28 51 9.649057
28 52 10.523518
28 53 11.029339
28 54 10.992854
28 55 10.349542
28 56 9.552909
28 57 9.514472
28 58 10.254532
28 59 10.965133
28 60 11.041397
28 61 10.607635
28 62 9.711343
28 63 9.446982
28 64 0.000000

29 0 0.000000
29 1 9.146102
29 2 9.795400
29 3 10.361259
29 4 10.028041
29 5 9.253526
29 6 9.106610
29 7 9.104158
29 8 9.551838
29 9 10.284404
29 10 10.213162
29 11 9.433063
29 12 9.100001
29 13 9.101941
29 14 9.340591
29 15 10.134015
29 16 10.329918
29 17 9.664582
29 18 9.117030
29 19 9.110290
29 20 9.193995
29 21 9.923001
29 22 10.370868
29 23 9.908360
29 24 9.187300
29 25 9.110650
29 26 9.119580
29 27 9.679926
29 28 10.334730
29 29 10.122391
29 30 9.329314
29 31 9.102423
29 32 9.100060
29 33 9.446357
29 34 10.222595
29 35 10.277087
29 36 9.537256
29 37 9.103176
29 38 9.106038
29 39 9.262710
29 40 10.041306
29 41 10.358697
29 42 9.780047
29 43 9.141762
29 44 9.111944
29 45 9.150704
29 46 9.810708
29 47 10.363522
29 48 10.014583
29 49 9.244634
29 50 9.107172
29 51 9.105298
29 52 9.566549
29 53 10.291429
29 54 10.203458
29 55 9.419978
29 56 9.100033
29 57 9.101498
29 58 9.352131
29 59 10.145399
29 60 10.324810
29 61 9.649287
29 62 9.114692
29 63 9.109892
29 64 0.000000

30 0 0.000000
30 1 9.332057
30 2 9.133940
30 3 9.428913
30 4 9.221831
30 5 9.194625
30 6 9.659860
30 7 9.485286
30 8 9.100044
30 9 9.372594
30 10 9.325076
30 11 9.112661
30 12 9.558624
30 13 9.613150
30 14 9.142218
30 15 9.277394
30 16 9.405297
30 17 9.107227
30 18 9.414268
30 19 9.685657
30 20 9.254317
30 21 9.176183
30 22 9.436337
30 23 9.170582
30 24 9.263017
30 25 9.687932
30 26 9.404578
30 27 9.109407
30 28 9.408864
30 29 9.270838
30 30 9.147399
30 31 9.619535
30 32 9.550552
30 33 9.110008
30 34 9.331115
30 35 9.367510
30 36 9.100363
30 37 9.494406
30 38 9.655289
30 39 9.187530
30 40 9.228268
30 41 9.426949
30 42 9.129891
30 43 9.341627
30 44 9.695820
30 45 9.322548
30 46 9.138205
30 47 9.430654
30 48 9.215453
30 49 9.201942
30 50 9.664170
30 51 9.476063
30 52 9.100034
30 53 9.377521
30 54 9.318943
30 55 9.115623
30 56 9.566523
30 57 9.606543
30 58 9.137318
30 59 9.283926
30 60 9.401534
30 61 9.105324
30 62 9.423928
30 63 9.683103
30 64 0.000000

31 0 0.000000
31 1 10.224055
31 2 9.360671
31 3 9.113562
31 4 9.223006
31 5 9.968122
31 6 10.617772
31 7 10.431579
31 8 9.567606
31 9 9.129558
31 10 9.149451
31 11 9.700014
31 12 10.514985
31 13 10.571966
31 14 9.824425
31 15 9.177074
31 16 9.119384
31 17 9.462623
31 18 10.341965
31 19 10.641970
31 20 10.092157
31 21 9.278717
31 22 9.111975
31 23 9.287307
31 24 10.108253
31 25 10.644068
31 26 10.328944
31 27 9.449635
31 28 9.118426
31 29 9.181613
31 30 9.841301
31 31 10.578385
31 32 10.506205
31 33 9.683853
31 34 9.146544
31 35 9.131380
31 36 9.582531
31 37 10.442416
31 38 10.613405
31 39 9.951271
31 40 9.216696
31 41 9.114001
31 42 9.371649
31 43 10.238738
31 44 10.651297
31 45 10.209178
31 46 9.349972
31 47 9.113180
31 48 9.229572
31 49 9.984921
31 50 10.621868
31 51 10.420473
31 52 9.552882
31 53 9.127856
31 54 9.152529
31 55 9.716301
31 56 10.523490
31 57 10.565270
31 58 9.807590
31 59 9.172749
31 60 9.120424
31 61 9.475862
31 62 10.354743
31 63 10.639607
31 64 0.000000

32 0 0.000000
32 1 11.001999
32 2 10.267138
32 3 9.705137
32 4 10.030485
32 5 10.862866
32 6 11.099648
32 7 11.073020
32 8 10.524649
32 9 9.778743
32 10 9.847757
32 11 10.655113
32 12 11.089811
32 13 11.096860
32 14 10.759995
32 15 9.925287
32 16 9.735044
32 17 10.404020
32 18 11.047201
32 19 11.099998
32 20 10.937206
32 21 10.136336
32 22 9.695999
32 23 10.151218
32 24 10.945902
32 25 11.099991
32 26 11.042821
32 27 10.387806
32 28 9.730443
32 29 9.936749
32 30 10.773050
32 31 11.097411
32 32 11.088395
32 33 10.640303
32 34 9.838577
32 35 9.785795
32 36 10.540459
32 37 11.075612
32 38 11.099500
32 39 10.851754
32 40 10.017230
32 41 9.707577
32 42 10.283050
32 43 11.008295
32 44 11.099915
32 45 10.995430
32 46 10.251312
32 47 9.702985
32 48 10.043959
32 49 10.873705
32 50 11.099764
32 51 11.070242
32 52 10.508749
32 53 9.771977
32 54 9.857215
32 55 10.669748
32 56 11.091103
32 57 11.096231
32 58 10.746702
32 59 9.914082
32 60 9.739933
32 61 10.420229
32 62 11.051348
32 63 11.100000
32 64 0.000000

33 0 0.000000
33 1 10.950648
33 2 11.019940
33 3 10.659746
33 4 10.901876
33 5 11.056237
33 6 10.662453
33 7 10.819872
33 8 11.091271
33 9 10.723291
33 10 10.777972
33 11 11.099844
33 12 10.754610
33 13 10.705244
33 14 11.088769
33 15 10.834130
33 16 10.686243
33 17 11.065905
33 18 10.881585
33 19 10.638634
33 20 11.012535
33 21 10.960548
33 22 10.651459
33 23 10.968040
33 24 11.005833
33 25 10.636527
33 26 10.889873
33 27 11.061370
33 28 10.682230
33 29 10.841978
33 30 11.086000
33 31 10.699422
33 32 10.761858
33 33 11.100000
33 34 10.770960
33 35 10.729092
33 36 11.093431
33 37 10.811833
33 38 10.666659
33 39 11.061078
33 40 10.893863
33 41 10.661944
33 42 11.026155
33 43 10.942768
33 44 10.629216
33 45 10.958428
33 46 11.013536
33 47 10.657804
33 48 10.909869
33 49 11.051146
33 50 10.658482
33 51 10.827977
33 52 11.088814
33 53 10.717683
33 54 10.785116
33 55 11.099374
33 56 10.747499
33 57 10.711260
33 58 11.091241
33 59 10.826348
33 60 10.690487
33 61 11.070180
33 62 10.873289
33 63 10.640997
33 64 0.000000

34 0 0.000000
34 1 10.117216
34 2 10.926952
34 3 11.099730
34 4 11.036027
34 5 10.370448
34 6 9.708141
34 7 9.904877
34 8 10.746525
34 9 11.094788
34 10 11.084866
34 11 10.625323
34 12 9.817563
34 13 9.757170
34 14 10.508474
34 15 11.068019
34 16 11.098454
34 17 10.839739
34 18 9.997384
34 19 9.682053
34 20 10.248883
34 21 10.993576
34 22 11.099912
34 23 10.986790
34 24 10.232945
34 25 9.679784
34 26 10.010719
34 27 10.851054
34 28 11.098717
34 29 11.065036
34 30 10.492427
34 31 9.750327
34 32 9.826813
34 33 10.640301
34 34 11.086467
34 35 11.094002
34 36 10.733047
34 37 9.893599
34 38 9.712835
34 39 10.386791
34 40 11.040623
34 41 11.099664
34 42 10.917759
34 43 10.102405
34 44 9.671959
34 45 10.132192
34 46 10.935861
34 47 11.099781
34 48 11.031190
34 49 10.354108
34 50 9.703734
34 51 9.916413
34 52 10.759768
34 53 11.095491
34 54 11.083126
34 55 10.610180
34 56 9.808588
34 57 9.764299
34 58 10.524438
34 59 11.070814
34 60 11.098148
34 61 10.828152
34 62 9.984272
34 63 9.684605
34 64 0.000000

35 0 0.000000
35 1 9.267956
35 2 10.073668
35 3 10.620566
35 4 10.309598
35 5 9.436010
35 6 9.114103
35 7 9.169278
35 8 9.807366
35 9 10.551682
35 10 10.486278
35 11 9.667823
35 12 9.140188
35 13 9.124292
35 14 9.552630
35 15 10.411916
35 16 10.592691
35 17 9.933461
35 18 9.207527
35 19 9.109730
35 20 9.348350
35 21 10.205055
35 22 10.629051
35 23 10.190229
35 24 9.337830
35 25 9.109385
35 26 9.213651
35 27 9.950222
35 28 10.596988
35 29 10.400845
35 30 9.538058
35 31 9.122721
35 32 9.142935
35 33 9.683852
35 34 10.495022
35 35 10.545032
35 36 9.790644
35 37 9.165129
35 38 9.114969
35 39 9.448831
35 40 10.322578
35 41 10.618298
35 42 10.057519
35 43 9.259830
35 44 9.108242
35 45 9.276359
35 46 10.089698
35 47 10.622564
35 48 10.296379
35 49 9.423445
35 50 9.113313
35 51 9.173639
35 52 9.824135
35 53 10.558051
35 54 10.477256
35 55 9.651930
35 56 9.137601
35 57 9.125981
35 58 9.567409
35 59 10.422718
35 60 10.588118
35 61 9.916665
35 62 9.201654
35 63 9.110125
35 64 0.000000

36 0 0.000000
36 1 9.183673
36 2 9.244594
36 3 9.662797
36 4 9.390467
36 5 9.112042
36 6 9.426495
36 7 9.289381
36 8 9.137255
36 9 9.593301
36 10 9.532549
36 11 9.107665
36 12 9.345260
36 13 9.388477
36 14 9.100036
36 15 9.469039
36 16 9.633951
36 17 9.180299
36 18 9.238207
36 19 9.447858
36 20 9.138880
36 21 9.319947
36 22 9.671783
36 23 9.310713
36 24 9.143450
36 25 9.449754
36 26 9.231488
36 27 9.187096
36 28 9.638330
36 29 9.460058
36 30 9.100337
36 31 9.393620
36 32 9.338979
36 33 9.110007
36 34 9.540396
36 35 9.586903
36 36 9.132661
36 37 9.296176
36 38 9.422736
36 39 9.109552
36 40 9.399898
36 41 9.660411
36 42 9.236336
36 43 9.189705
36 44 9.456343
36 45 9.177778
36 46 9.253008
36 47 9.664905
36 48 9.381019
36 49 9.114803
36 50 9.430047
36 51 9.282557
36 52 9.142131
36 53 9.599481
36 54 9.524538
36 55 9.105633
36 56 9.351439
36 57 9.383171
36 58 9.100042
36 59 9.477917
36 60 9.629313
36 61 9.173736
36 62 9.244972
36 63 9.445732
36 64 0.000000

37 0 0.000000
37 1 9.941857
37 2 9.201977
37 3 9.106991
37 4 9.123677
37 5 9.696398
37 6 10.358104
37 7 10.154763
37 8 9.352287
37 9 9.100779
37 10 9.100533
37 11 9.459856
37 12 10.244237
37 13 10.306832
37 14 9.566804
37 15 9.106265
37 16 9.103694
37 17 9.272706
37 18 10.061214
37 19 10.385563
37 20 9.813061
37 21 9.152017
37 22 9.108216
37 23 9.156863
37 24 9.828518
37 25 10.387956
37 26 10.047832
37 27 9.263289
37 28 9.104131
37 29 9.107633
37 30 9.581701
37 31 10.313963
37 32 10.234702
37 33 9.446359
37 34 9.100267
37 35 9.100513
37 36 9.364046
37 37 10.166255
37 38 10.353177
37 39 9.680887
37 40 9.120888
37 41 9.106681
37 42 9.209203
37 43 9.956500
37 44 10.396219
37 45 9.927084
37 46 9.195039
37 47 9.107270
37 48 9.126686
37 49 9.711948
37 50 10.362734
37 51 10.143028
37 52 9.340788
37 53 9.101086
37 54 9.100898
37 55 9.473554
37 56 10.253501
37 57 10.299411
37 58 9.552032
37 59 9.105057
37 60 9.103257
37 61 9.282410
37 62 10.074399
37 63 10.382871
37 64 0.000000

38 0 0.000000
38 1 10.845438
38 2 9.984999
38 3 9.464153
38 4 9.754515
38 5 10.651824
38 6 11.052414
38 7 10.969797
38 8 10.254764
38 9 9.526936
38 10 9.587422
38 11 10.400592
38 12 11.010604
38 13 11.035028
38 14 10.523790
38 15 9.657126
38 16 9.489436
38 17 10.125724
38 18 10.919882
38 19 11.060722
38 20 10.751052
38 21 9.855659
38 22 9.456491
38 23 9.870130
38 24 10.763186
38 25 11.061413
38 26 10.912139
38 27 10.108751
38 28 9.485529
38 29 9.667584
38 30 10.539588
38 31 11.037589
38 32 11.006582
38 33 10.383664
38 34 9.579289
38 35 9.533048
38 36 10.272064
38 37 10.975420
38 38 11.050848
38 39 10.637552
38 40 9.742070
38 41 9.466205
38 42 10.001064
38 43 10.855229
38 44 11.063754
38 45 10.835369
38 46 9.969087
38 47 9.462347
38 48 9.767215
38 49 10.665866
38 50 11.053864
38 51 10.963941
38 52 10.237461
38 53 9.521089
38 54 9.595828
38 55 10.417426
38 56 11.014436
38 57 11.032313
38 58 10.507822
38 59 9.646943
38 60 9.493602
38 61 10.142773
38 62 10.927363
38 63 11.059939
38 64 0.000000

39 0 0.000000
39 1 11.063666
39 2 10.873753
39 3 10.405910
39 4 10.702991
39 5 11.099906
39 6 10.871079
39 7 10.985144
39 8 11.014952
39 9 10.479966
39 10 10.545574
39 11 11.064966
39 12 10.939766
39 13 10.903563
39 14 11.091146
39 15 10.615164
39 16 10.436528
39 17 10.955091
39 18 11.024755
39 19 10.852599
39 20 11.090469
39 21 10.783947
39 22 10.396405
39 23 10.794738
39 24 11.088124
39 25 10.850951
39 26 11.029770
39 27 10.946167
39 28 10.431869
39 29 10.625098
39 30 11.093320
39 31 10.899200
39 32 10.944955
39 33 11.060171
39 34 10.537050
39 35 10.486836
39 36 11.021888
39 37 10.979728
39 38 10.874314
39 39 11.099995
39 40 10.692331
39 41 10.408437
39 42 10.883887
39 43 11.059604
39 44 10.845218
39 45 11.067559
39 46 10.863497
39 47 10.403680
39 48 10.713705
39 49 11.099529
39 50 10.868017
39 51 10.990550
39 52 11.007754
39 53 10.473340
39 54 10.554292
39 55 11.069459
39 56 10.934643
39 57 10.908051
39 58 11.088662
39 59 10.605369
39 60 10.441466
39 61 10.963812
39 62 11.019653
39 63 10.854445
39 64 0.000000

40 0 0.000000
40 1 10.395905
40 2 11.051123
40 3 11.066416
40 4 11.097079
40 5 10.628679
40 6 9.980818
40 7 10.186693
40 8 10.933938
40 9 11.083658
40 10 11.094068
40 11 10.842155
40 12 10.096852
40 13 10.033306
40 14 10.747247
40 15 11.099563
40 16 11.074218
40 17 10.998292
40 18 10.279411
40 19 9.952539
40 20 10.519255
40 21 11.083419
40 22 11.063806
40 23 11.080608
40 24 10.504586
40 25 9.950069
40 26 10.292575
40 27 11.005621
40 28 11.073091
40 29 11.099839
40 30 10.733798
40 31 10.026031
40 32 10.106481
40 33 10.853901
40 34 11.092990
40 35 11.084970
40 36 10.924132
40 37 10.175219
40 38 9.985880
40 39 10.643047
40 40 11.098007
40 41 11.067095
40 42 11.046008
40 43 10.381723
40 44 9.941532
40 45 10.410180
40 46 11.055951
40 47 11.065811
40 48 11.095958
40 49 10.614231
40 50 9.976059
40 51 10.198392
40 52 10.943462
40 53 11.082345
40 54 11.095082
40 55 10.830176
40 56 10.087483
40 57 10.040872
40 58 10.760531
40 59 11.099160
40 60 11.075389
40 61 10.990665
40 62 10.266419
40 63 9.955317
40 64 0.000000

41 0 0.000000
41 1 9.456090
41 2 10.354035
41 3 10.838403
41 4 10.574459
41 5 9.671388
41 6 9.200132
41 7 9.308538
41 8 10.086205
41 9 10.782980
41 10 10.728621
41 11 9.937010
41 12 9.256832
41 13 9.224368
41 14 9.808272
41 15 10.664968
41 16 10.816216
41 17 10.215608
41 18 9.369120
41 19 9.188055
41 20 9.562579
41 21 10.478740
41 22 10.845088
41 23 10.464911
41 24 9.549073
41 25 9.187033
41 26 9.378328
41 27 10.232451
41 28 10.819658
41 29 10.655333
41 30 9.791566
41 31 9.220869
41 32 9.262048
41 33 9.954498
41 34 10.735979
41 35 10.777527
41 36 10.068674
41 37 9.301554
41 38 9.202367
41 39 9.686824
41 40 10.586120
41 41 10.836610
41 42 10.338374
41 43 9.444828
41 44 9.183541
41 45 9.467624
41 46 10.369510
41 47 10.839980
41 48 10.562532
41 49 9.656151
41 50 9.198051
41 51 9.315774
41 52 10.103696
41 53 10.788187
41 54 10.720999
41 55 9.919573
41 56 9.251832
41 57 9.228054
41 58 9.825111
41 59 10.674330
41 60 10.812544
41 61 10.198647
41 62 9.360180
41 63 9.189211
41 64 0.000000

42 0 0.000000
42 1 9.108284
42 2 9.423389
42 3 9.931506
42 4 9.615623
42 5 9.108161
42 6 9.246781
42 7 9.158050
42 8 9.251156
42 9 9.854373
42 10 9.785223
42 11 9.181718
42 12 9.192018
42 13 9.220482
42 14 9.137511
42 15 9.710945
42 16 9.899729
42 17 9.326634
42 18 9.130795
42 19 9.262009
42 20 9.100006
42 21 9.525850
42 22 9.941340
42 23 9.513718
42 24 9.100080
42 25 9.263374
42 26 9.127584
42 27 9.337507
42 28 9.904575
42 29 9.700256
42 30 9.132907
42 31 9.223976
42 32 9.188025
42 33 9.188869
42 34 9.794252
42 35 9.847170
42 36 9.242017
42 37 9.161977
42 38 9.244135
42 39 9.110474
42 40 9.627296
42 41 9.928890
42 42 9.411580
42 43 9.110295
42 44 9.268139
42 45 9.106471
42 46 9.435282
42 47 9.933816
42 48 9.603857
42 49 9.106144
42 50 9.249292
42 51 9.154170
42 52 9.260531
42 53 9.861313
42 54 9.775972
42 55 9.174854
42 56 9.195983
42 57 9.216900
42 58 9.142423
42 59 9.721463
42 60 9.894589
42 61 9.315932
42 62 9.134129
42 63 9.260480
42 64 0.000000

43 0 0.000000
43 1 9.672256
43 2 9.114817
43 3 9.179523
43 4 9.102121
43 5 9.456826
43 6 10.077876
43 7 9.873586
43 8 9.196530
43 9 9.151595
43 10 9.131230
43 11 9.270690
43 12 9.961998
43 13 10.025221
43 14 9.351658
43 15 9.114617
43 16 9.167370
43 17 9.148690
43 18 9.783554
43 19 10.106408
43 20 9.556824
43 21 9.100831
43 22 9.183464
43 23 9.101549
43 24 9.570410
43 25 10.108907
43 26 9.770874
43 27 9.143595
43 28 9.169166
43 29 9.112703
43 30 9.363389
43 31 10.032496
43 32 9.952469
43 33 9.260930
43 34 9.133629
43 35 9.149263
43 36 9.204185
43 37 9.884814
43 38 10.072781
43 39 9.443890
43 40 9.103075
43 41 9.178488
43 42 9.117717
43 43 9.685693
43 44 10.117546
43 45 9.658765
43 46 9.112194
43 47 9.180440
43 48 9.101334
43 49 9.469884
43 50 10.082670
43 51 9.862158
43 52 9.189172
43 53 9.153888
43 54 9.128856
43 55 9.280710
43 56 9.971283
43 57 10.017665
43 58 9.340127
43 59 9.116622
43 60 9.165489
43 61 9.154087
43 62 9.796095
43 63 10.103601
43 64 0.000000

44 0 0.000000
44 1 10.629496
44 2 9.712017
44 3 9.273822
44 4 9.506065
44 5 10.396823
44 6 10.929312
44 7 10.797287
44 8 9.972550
44 9 9.320777
44 10 9.367920
44 11 10.122127
44 12 10.858857
44 13 10.898712
44 14 10.253828
44 15 9.424247
44 16 9.292467
44 17 9.845376
44 18 10.727252
44 19 10.944916
44 20 10.513035
44 21 9.594444
44 22 9.268247
44 23 9.607352
44 24 10.527641
44 25 10.946250
44 26 10.716763
44 27 9.828998
44 28 9.289561
44 29 9.432866
44 30 10.271109
44 31 10.903079
44 32 10.852551
44 33 10.104428
44 34 9.361483
44 35 9.325460
44 36 9.989963
44 37 10.805493
44 38 10.926453
44 39 10.380530
44 40 9.495422
44 41 9.275320
44 42 9.726960
44 43 10.642002
44 44 10.950822
44 45 10.616729
44 46 9.697290
44 47 9.272504
44 48 9.516980
44 49 10.412951
44 50 10.931981
44 51 10.788817
44 52 9.955223
44 53 9.316314
44 54 9.374605
44 55 10.139818
44 56 10.864925
44 57 10.894128
44 58 10.236455
44 59 9.415895
44 60 9.295574
44 61 9.861910
44 62 10.737471
44 63 10.943411
44 64 0.000000

45 0 0.000000
45 1 11.099918
45 2 10.665928
45 3 10.127706
45 4 10.456070
45 5 11.063923
45 6 11.018282
45 7 11.079906
45 8 10.865747
45 9 10.206372
45 10 10.277681
45 11 10.953220
45 12 11.058027
45 13 11.037871
45 14 11.014569
45 15 10.355161
45 16 10.160007
45 17 10.776163
45 18 11.094257
45 19 11.006613
45 20 11.089504
45 21 10.552863
45 22 10.117741
45 23 10.566093
45 24 11.091702
45 25 11.005555
45 26 11.095602
45 27 10.763559
45 28 10.155071
45 29 10.366389
45 30 11.021511
45 31 11.035316
45 32 11.060742
45 33 10.943855
45 34 10.268326
45 35 10.213766
45 36 10.876907
45 37 11.077545
45 38 11.020288
45 39 11.059254
45 40 10.443616
45 41 10.130360
45 42 10.679175
45 43 11.099998
45 44 11.001856
45 45 11.099615
45 46 10.652637
45 47 10.125364
45 48 10.468653
45 49 11.068292
45 50 11.016374
45 51 11.082182
45 52 10.854383
45 53 10.199258
45 54 10.287279
45 55 10.962317
45 56 11.055299
45 57 11.040474
45 58 11.007327
45 59 10.344131
45 60 10.165245
45 61 10.788632
45 62 11.092759
45 63 11.007793
45 64 0.000000

46 0 0.000000
46 1 10.651022
46 2 11.099527
46 3 10.956118
46 4 11.078706
46 5 10.844796
46 6 10.262989
46 7 10.461604
46 8 11.054920
46 9 10.994170
46 10 11.024083
46 11 10.999867
46 12 10.376391
46 13 10.314756
46 14 10.934461
46 15 11.051481
46 16 10.972377
46 17 11.085288
46 18 10.547148
46 19 10.234775
46 20 10.756228
46 21 11.094922
46 22 10.950924
46 23 11.096311
46 24 10.743997
46 25 10.232298
46 26 10.559091
46 27 11.088047
46 28 10.969949
46 29 11.054996
46 30 10.924682
46 31 10.307627
46 32 10.385632
46 33 11.007446
46 34 11.020411
46 35 10.997477
46 36 11.049568
46 37 10.450847
46 38 10.268015
46 39 10.856044
46 40 11.075891
46 41 10.957487
46 42 11.098900
46 43 10.638600
46 44 10.223729
46 45 10.663460
46 46 11.099892
46 47 10.954905
46 48 11.081388
46 49 10.833390
46 50 10.258256
46 51 10.472533
46 52 11.059966
46 53 10.990945
46 54 11.027770
46 55 10.992006
46 56 10.367375
46 57 10.322153
46 58 10.944008
46 59 11.047915
46 60 10.974931
46 61 11.082230
46 62 10.535310
46 63 10.237556
46 64 0.000000

47 0 0.000000
47 1 9.695518
47 2 10.614166
47 3 10.997419
47 4 10.801525
47 5 9.940908
47 6 9.357844
47 7 9.510845
47 8 10.366144
47 9 10.959872
47 10 10.920888
47 11 10.219181
47 12 9.440643
47 13 9.394196
47 14 10.087152
47 15 10.873014
47 16 10.982688
47 17 10.488545
47 18 9.588933
47 19 9.339025
47 20 9.819619
47 21 10.722255
47 22 11.001772
47 23 10.710526
47 24 9.804204
47 25 9.337406
47 26 9.600493
47 27 10.504129
47 28 10.985001
47 29 10.865584
47 30 10.069644
47 31 9.389048
47 32 9.447912
47 33 10.236735
47 34 10.926275
47 35 10.956051
47 36 10.349200
47 37 9.501582
47 38 9.361270
47 39 9.957731
47 40 10.810937
47 41 10.996244
47 42 10.600241
47 43 9.682016
47 44 9.331846
47 45 9.709263
47 46 10.627851
47 47 10.998450
47 48 10.791841
47 49 9.924214
47 50 9.354639
47 51 9.520379
47 52 10.382962
47 53 10.963502
47 54 10.915274
47 55 10.201590
47 56 9.433629
47 57 9.399586
47 58 10.104712
47 59 10.880191
47 60 10.980209
47 61 10.472771
47 62 9.577639
47 63 9.340850
47 64 0.000000

48 0 0.000000
48 1 9.111894
48 2 9.656084
48 3 10.213638
48 4 9.879365
48 5 9.183289
48 6 9.135035
48 7 9.101753
48 8 9.432676
48 9 10.135012
48 10 10.062972
48 11 9.328920
48 12 9.111105
48 13 9.122549
48 14 9.251657
48 15 9.983842
48 16 10.181460
48 17 9.534575
48 18 9.100591
48 19 9.142914
48 20 9.140791
48 21 9.777490
48 22 10.223536
48 23 9.763426
48 24 9.136365
48 25 9.143641
48 26 9.101141
48 27 9.548657
48 28 10.186387
48 29 9.972299
48 30 9.242516
48 31 9.124115
48 32 9.109720
48 33 9.340311
48 34 10.072466
48 35 10.127577
48 36 9.419720
48 37 9.102501
48 38 9.133710
48 39 9.190220
48 40 9.892351
48 41 10.211000
48 42 9.641663
48 43 9.109725
48 44 9.146201
48 45 9.114308
48 46 9.670507
48 47 10.215965
48 48 9.866219
48 49 9.176655
48 50 9.136304
48 51 9.101127
48 52 9.445804
48 53 10.142159
48 54 10.053219
48 55 9.317772
48 56 9.112541
48 57 9.120976
48 58 9.261084
48 59 9.995163
48 60 10.176228
48 61 9.520588
48 62 9.100224
48 63 9.142103
48 64 0.000000

49 0 0.000000
49 1 9.436730
49 2 9.106136
49 3 9.325379
49 4 9.160057
49 5 9.268490
49 6 9.799410
49 7 9.610445
49 8 9.112743
49 9 9.277962
49 10 9.239100
49 11 9.147587
49 12 9.690753
49 13 9.749566
49 14 9.196125
49 15 9.201465
49 16 9.305339
49 17 9.100455
49 18 9.531102
49 19 9.826743
49 20 9.343856
49 21 9.129239
49 22 9.331721
49 23 9.125772
49 24 9.354488
49 25 9.829147
49 26 9.520135
49 27 9.100087
49 28 9.308350
49 29 9.196421
49 30 9.203754
49 31 9.756407
49 32 9.681987
49 33 9.142342
49 34 9.243971
49 35 9.273749
49 36 9.115685
49 37 9.620516
49 38 9.794553
49 39 9.259157
49 40 9.164678
49 41 9.323703
49 42 9.104479
49 43 9.447887
49 44 9.837475
49 45 9.425594
49 46 9.108037
49 47 9.326862
49 48 9.155535
49 49 9.278015
49 50 9.803987
49 51 9.600234
49 52 9.110111
49 53 9.282056
49 54 9.234175
49 55 9.153131
49 56 9.699319
49 57 9.742477
49 58 9.188752
49 59 9.206523
49 60 9.302163
49 61 9.101114
49 62 9.542000
49 63 9.824043
49 64 0.000000

50 0 0.000000
50 1 10.371374
50 2 9.469942
50 3 9.149303
50 4 9.304928
50 5 10.118177
50 6 10.740147
50 7 10.569232
50 8 9.700490
50 9 9.176690
50 10 9.206736
50 11 9.841898
50 12 10.646661
50 13 10.698771
50 14 9.971611
50 15 9.245197
50 16 9.159825
50 17 9.585312
50 18 10.484655
50 19 10.761805
50 20 10.242116
50 21 9.373503
50 22 9.146259
50 23 9.383819
50 24 10.258032
50 25 10.763676
50 26 10.472255
50 27 9.570832
50 28 9.158153
50 29 9.251290
50 30 9.988998
50 31 10.704597
50 32 10.638573
50 33 9.824839
50 34 9.202506
50 35 9.179573
50 36 9.716626
50 37 10.579367
50 38 10.736223
50 39 10.101161
50 40 9.296935
50 41 9.150130
50 42 9.482573
50 43 10.385600
50 44 10.770114
50 45 10.356926
50 46 9.457574
50 47 9.148580
50 48 9.313189
50 49 10.135105
50 50 10.743823
50 51 10.558824
50 52 9.684518
50 53 9.173967
50 54 9.211166
50 55 9.859038
50 56 10.654482
50 57 10.692683
50 58 9.954218
50 59 9.239342
50 60 9.161627
50 61 9.600013
50 62 10.496798
50 63 10.759697
50 64 0.000000

51 0 0.000000
51 1 11.056519
51 2 10.413021
51 3 9.847294
51 4 10.180785
51 5 10.951154
51 6 11.092336
51 7 11.096609
51 8 10.655544
51 9 9.924306
51 10 9.995635
51 11 10.773507
51 12 11.099972
51 13 11.097469
51 14 10.865138
51 15 10.074831
51 16 9.878704
51 17 10.543371
51 18 11.084558
51 19 11.088406
51 20 11.009716
51 21 10.285705
51 22 9.837663
51 23 10.300321
51 24 11.016282
51 25 11.088023
51 26 11.082126
51 27 10.528092
51 28 9.873886
51 29 10.086460
51 30 10.876297
51 31 11.096924
51 32 11.099998
51 33 10.760319
51 34 9.986194
51 35 9.931633
51 36 10.670039
51 37 11.097490
51 38 11.092953
51 39 10.942099
51 40 10.167528
51 41 9.849864
51 42 10.428327
51 43 11.060734
51 44 11.086654
51 45 11.052042
51 46 10.397755
51 47 9.845028
51 48 10.194234
51 49 10.959920
51 50 11.091732
51 51 11.095573
51 52 10.640918
51 53 9.917269
51 54 10.005348
51 55 10.786485
51 56 11.099857
51 57 11.097980
51 58 10.853715
51 59 10.063446
51 60 9.883826
51 61 10.558597
51 62 11.086782
51 63 11.088828
51 64 0.000000

52 0 0.000000
52 1 10.862245
52 2 11.068310
52 3 10.777622
52 4 10.982369
52 5 11.001583
52 6 10.532176
52 7 10.707709
52 8 11.099834
52 9 10.833454
52 10 10.880487
52 11 11.085897
52 12 10.633914
52 13 10.579099
52 14 11.055202
52 15 10.927606
52 16 10.801042
52 17 11.093798
52 18 10.779263
52 19 10.506272
52 20 10.940928
52 21 11.027171
52 22 10.770258
52 23 11.032648
52 24 10.932108
52 25 10.503988
52 26 10.789035
52 27 11.091766
52 28 10.797508
52 29 10.934078
52 30 11.049871
52 31 10.572684
52 32 10.642030
52 33 11.088705
52 34 10.874514
52 35 10.838490
52 36 11.099361
52 37 10.698526
52 38 10.536767
52 39 11.008814
52 40 10.976036
52 41 10.779572
52 42 11.072220
52 43 10.852573
52 44 10.496069
52 45 10.871855
52 46 11.064181
52 47 10.775898
52 48 10.988642
52 49 10.994128
52 50 10.527847
52 51 10.716998
52 52 11.100000
52 53 10.828573
52 54 10.886553
52 55 11.082781
52 56 10.625969
52 57 10.585738
52 58 11.060250
52 59 10.921159
52 60 10.804775
52 61 11.095550
52 62 10.769524
52 63 10.508836
52 64 0.000000

53 0 0.000000
53 1 9.967167
53 2 10.833340
53 3 11.084948
53 4 10.972708
53 5 10.223102
53 6 9.574677
53 7 9.760084
53 8 10.624882
53 9 11.068268
53 10 11.047764
53 11 10.491858
53 12 9.676978
53 13 9.620248
53 14 10.367057
53 15 11.019484
53 16 11.078845
53 17 10.730531
53 18 9.849457
53 19 9.550614
53 20 10.098994
53 21 10.916202
53 22 11.086622
53 23 10.907504
53 24 10.082897
53 25 9.548528
53 26 9.862449
53 27 10.743615
53 28 11.079844
53 29 11.014850
53 30 10.350140
53 31 9.613861
53 32 9.685722
53 33 10.508080
53 34 11.050751
53 35 11.066382
53 36 10.609875
53 37 9.749280
53 38 9.579020
53 39 10.239971
53 40 10.979121
53 41 11.084485
53 42 10.822258
53 43 9.952501
53 44 9.541341
53 45 9.982029
53 46 10.844145
53 47 11.085350
53 48 10.966037
53 49 10.206280
53 50 9.570602
53 51 9.771157
53 52 10.639688
53 53 11.070031
53 54 11.044604
53 55 10.475513
53 56 9.668508
53 57 9.626912
53 58 10.383936
53 59 11.023902
53 60 11.077758
53 61 10.717199
53 62 9.836709
53 63 9.552962
53 64 0.000000

54 0 0.000000
54 1 9.194216
54 2 9.924140
54 3 10.486717
54 4 10.160683
54 5 9.331441
54 6 9.100157
54 7 9.124977
54 8 9.667356
54 9 10.412862
54 10 10.343671
54 11 9.537547
54 12 9.108968
54 13 9.102479
54 14 9.433382
54 15 10.265993
54 16 10.456703
54 17 9.787558
54 18 9.149999
54 19 9.100060
54 20 9.257986
54 21 10.054820
54 22 10.495891
54 23 10.039945
54 24 9.249412
54 25 9.100089
54 26 9.154267
54 27 9.803728
54 28 10.461317
54 29 10.254513
54 30 9.420430
54 31 9.101993
54 32 9.110300
54 33 9.552269
54 34 10.352872
54 35 10.405787
54 36 9.651612
54 37 9.122484
54 38 9.100260
54 39 9.342440
54 40 10.173946
54 41 10.484268
54 42 9.908257
54 43 9.188039
54 44 9.100242
54 45 9.200665
54 46 9.939945
54 47 10.488876
54 48 10.147202
54 49 9.320719
54 50 9.100083
54 51 9.127653
54 52 9.683189
54 53 10.419647
54 54 10.334191
54 55 9.523001
54 56 9.107759
54 57 9.103041
54 58 9.446572
54 59 10.277215
54 60 10.451795
54 61 9.771399
54 62 9.145963
54 63 9.100033
54 64 0.000000

55 0 0.000000
55 1 9.254039
55 2 9.176626
55 3 9.532942
55 4 9.292867
55 5 9.146391
55 6 9.544888
55 7 9.386301
55 8 9.107601
55 9 9.469812
55 10 9.415548
55 11 9.100353
55 12 9.452107
55 13 9.501827
55 14 9.112593
55 15 9.359889
55 16 9.506610
55 17 9.131843
55 18 9.323967
55 19 9.568846
55 20 9.191122
55 21 9.234978
55 22 9.541180
55 23 9.227600
55 24 9.197953
55 25 9.570964
55 26 9.315588
55 27 9.136231
55 28 9.510597
55 29 9.352118
55 30 9.115515
55 31 9.507688
55 32 9.444803
55 33 9.100039
55 34 9.422504
55 35 9.464054
55 36 9.105596
55 37 9.394412
55 38 9.540657
55 39 9.141406
55 40 9.300787
55 41 9.530757
55 42 9.170544
55 43 9.262031
55 44 9.578316
55 45 9.246146
55 46 9.182899
55 47 9.534872
55 48 9.284970
55 49 9.151625
55 50 9.548883
55 51 9.378120
55 52 9.109905
55 53 9.475382
55 54 9.408464
55 55 9.100980
55 56 9.459272
55 57 9.495770
55 58 9.109967
55 59 9.367598
55 60 9.502394
55 61 9.127713
55 62 9.332355
55 63 9.566469
55 64 0.000000

56 0 0.000000
56 1 10.091635
56 2 9.278058
56 3 9.100516
56 4 9.167126
56 5 9.838084
56 6 10.499988
56 7 10.303798
56 8 9.460255
56 9 9.106154
56 10 9.116709
56 11 9.582230
56 12 10.390918
56 13 10.451133
56 14 9.699622
56 15 9.134240
56 16 9.102077
56 17 9.366247
56 18 10.211417
56 19 10.525973
56 20 9.959876
56 21 9.210433
56 22 9.100246
56 23 9.217337
56 24 9.975833
56 25 10.528233
56 26 10.198093
56 27 9.354820
56 28 9.101771
56 29 9.137323
56 30 9.715731
56 31 10.457952
56 32 10.381692
56 33 9.567169
56 34 9.115024
56 35 9.107006
56 36 9.473830
56 37 10.315055
56 38 10.495312
56 39 9.821700
56 40 9.162420
56 41 9.100605
56 42 9.287369
56 43 10.106447
56 44 10.536024
56 45 10.076656
56 46 9.269032
56 47 9.100444
56 48 9.172073
56 49 9.854464
56 50 10.504377
56 51 10.292281
56 52 9.446910
56 53 9.105388
56 54 9.118532
56 55 9.597453
56 56 10.399868
56 57 10.444025
56 58 9.683594
56 59 9.131348
56 60 9.102429
56 61 9.377944
56 62 10.224516
56 63 10.523432
56 64 0.000000

57 0 0.000000
57 1 10.936922
57 2 10.135180
57 3 9.587012
57 4 9.899065
57 5 10.770582
57 6 11.087340
57 7 11.033923
57 8 10.401087
57 9 9.656235
57 10 9.721903
57 11 10.540143
57 12 11.062260
57 13 11.077609
57 14 10.654757
57 15 9.796507
57 16 9.615030
57 17 10.275261
57 18 10.996431
57 19 11.091463
57 20 10.857460
57 21 10.003753
57 22 9.578482
57 23 10.018590
57 24 10.867871
57 25 11.091786
57 26 10.990414
57 27 10.258524
57 28 9.610713
57 29 9.807610
57 30 10.669242
57 31 11.079118
57 32 11.059595
57 33 10.524181
57 34 9.713126
57 35 9.662912
57 36 10.417763
57 37 11.037977
57 38 11.086519
57 39 10.757862
57 40 9.886061
57 41 9.589293
57 42 10.151323
57 43 10.944937
57 44 11.092854
57 45 10.928629
57 46 10.119153
57 47 9.585004
57 48 9.912308
57 49 10.783048
57 50 11.088089
57 51 11.029659
57 52 10.384363
57 53 9.649837
57 54 9.730957
57 55 10.555966
57 56 11.064767
57 57 11.075986
57 58 10.640062
57 59 9.785673
57 60 9.619628
57 61 10.292030
57 62 11.002199
57 63 11.091093
57 64 0.000000

58 0 0.000000
58 1 11.012747
58 2 10.959958
58 3 10.545147
58 4 10.815743
58 5 11.086551
58 6 10.766937
58 7 10.905405
58 8 11.065103
58 9 10.614310
58 10 10.674718
58 11 11.093390
58 12 10.848905
58 13 10.805277
58 14 11.099852
58 15 10.737803
58 16 10.573863
58 17 11.023141
58 18 10.957271
58 19 10.745407
58 20 11.058639
58 21 10.885562
58 22 10.536200
58 23 10.894691
58 24 11.053933
58 25 10.743497
58 26 10.964091
58 27 11.016481
58 28 10.569504
58 29 10.746718
58 30 11.099396
58 31 10.800087
58 32 10.855250
58 33 11.091204
58 34 10.666919
58 35 10.620676
58 36 11.069546
58 37 10.898528
58 38 10.770725
58 39 11.089190
58 40 10.806396
58 41 10.547523
58 42 10.968093
58 43 11.006596
58 44 10.736859
58 45 11.018764
58 46 10.951665
58 47 10.543049
58 48 10.825106
58 49 11.083641
58 50 10.763356
58 51 10.912313
58 52 11.060374
58 53 10.608164
58 54 10.682679
58 55 11.095266
58 56 10.842664
58 57 10.810630
58 58 11.100000
58 59 10.728990
58 60 10.578479
58 61 11.029565
58 62 10.950404
58 63 10.747549
58 64 0.000000

59 0 0.000000
59 1 10.249397
59 2 10.994095
59 3 11.094016
59 4 11.074370
59 5 10.495489
59 6 9.833355
59 7 10.036402
59 8 10.841807
59 9 11.099532
59 10 11.099141
59 11 10.733320
59 12 9.947011
59 13 9.884517
59 14 10.625688
59 15 11.092708
59 16 11.097028
59 17 10.922290
59 18 10.129940
59 19 9.805966
59 20 10.378449
59 21 11.045130
59 22 11.092877
59 23 11.040158
59 24 10.362953
59 25 9.803579
59 26 10.143328
59 27 10.931831
59 28 11.096635
59 29 11.091238
59 30 10.610709
59 31 9.877399
59 32 9.956532
59 33 10.746918
59 34 11.099489
59 35 11.099732
59 36 10.829934
59 37 10.024917
59 38 9.838271
59 39 10.511061
59 40 11.077275
59 41 11.094302
59 42 10.986741
59 43 10.234735
59 44 9.795339
59 45 10.264192
59 46 11.001161
59 47 11.093758
59 48 11.071245
59 49 10.479880
59 50 9.828737
59 51 10.048131
59 52 10.853422
59 53 11.099288
59 54 11.098689
59 55 10.719523
59 56 9.937759
59 57 9.891924
59 58 10.640543
59 59 11.094016
59 60 11.097419
59 61 10.912462
59 62 10.116753
59 63 9.808651
59 64 0.000000

60 0 0.000000
60 1 9.348692
60 2 10.206205
60 3 10.728992
60 4 10.437166
60 5 9.540817
60 6 9.144926
60 7 9.225870
60 8 9.936499
60 9 10.665789
60 10 10.604959
60 11 9.790978
60 12 9.185775
60 13 9.161871
60 14 9.668209
60 15 10.534921
60 16 10.703530
60 17 10.065430
60 18 9.275083
60 19 9.136860
60 20 9.442256
60 21 10.335750
60 22 10.736709
60 23 10.321248
60 24 9.430216
60 25 9.136190
60 26 9.282729
60 27 10.082398
60 28 10.707465
60 29 10.524418
60 30 9.652480
60 31 9.159370
60 32 9.189718
60 33 9.807859
60 34 10.613134
60 35 10.659640
60 36 9.919224
60 37 9.220337
60 38 9.146449
60 39 9.555005
60 40 10.449652
60 41 10.726925
60 42 10.190125
60 43 9.339000
60 44 9.133923
60 45 9.358663
60 46 10.222134
60 47 10.730810
60 48 10.424426
60 49 9.526859
60 50 9.143516
60 51 9.231637
60 52 9.953777
60 53 10.671672
60 54 10.596509
60 55 9.774194
60 56 9.182018
60 57 9.164523
60 58 9.684113
60 59 10.545149
60 60 10.699337
60 61 10.048387
60 62 9.267698
60 63 9.137619
60 64 0.000000

61 0 0.000000
61 1 9.138737
61 2 9.320671
61 3 9.785675
61 4 9.489973
61 5 9.100256
61 6 9.334588
61 7 9.219010
61 8 9.181513
61 9 9.711863
61 10 9.646520
61 11 9.132750
61 12 9.265074
61 13 9.301738
61 14 9.107718
61 15 9.577271
61 16 9.755151
61 17 9.240354
61 18 9.178652
61 19 9.353260
61 20 9.110789
61 21 9.409623
61 22 9.795154
61 23 9.398924
61 24 9.113276
61 25 9.354923
61 26 9.173526
61 27 9.249149
61 28 9.759795
61 29 9.567390
61 30 9.105699
61 31 9.306152
61 32 9.259813
61 33 9.137394
61 34 9.655006
61 35 9.705017
61 36 9.174720
61 37 9.224516
61 38 9.331318
61 39 9.100016
61 40 9.500561
61 41 9.783156
61 42 9.310648
61 43 9.142925
61 44 9.360714
61 45 9.134716
61 46 9.330818
61 47 9.787900
61 48 9.479332
61 49 9.100782
61 50 9.337683
61 51 9.213512
61 52 9.188569
61 53 9.718464
61 54 9.637841
61 55 9.128409
61 56 9.270267
61 57 9.297195
61 58 9.110048
61 59 9.587014
61 60 9.750228
61 61 9.231764
61 62 9.183859
61 63 9.351395
61 64 0.000000

62 0 0.000000
62 1 9.812563
62 2 9.151649
62 3 9.131349
62 4 9.103636
62 5 9.578856
62 6 10.227966
62 7 10.022129
62 8 9.270980
62 9 9.114788
62 10 9.105009
62 11 9.363808
62 12 10.112000
62 13 10.175523
62 14 9.459526
62 15 9.100216
62 16 9.123824
62 17 9.205633
62 18 9.929304
62 19 10.256209
62 20 9.688799
62 21 9.118226
62 22 9.133873
62 23 9.121166
62 24 9.703526
62 25 10.258677
62 26 9.916119
62 27 9.198169
62 28 9.124908
62 29 9.100042
62 30 9.473074
62 31 10.182794
62 32 10.102372
62 33 9.351944
62 34 9.106004
62 35 9.113541
62 36 9.280913
62 37 10.033611
62 38 10.222910
62 39 9.564407
62 40 9.102592
62 41 9.130692
62 42 9.156898
62 43 9.826781
62 44 10.267202
62 45 9.798247
62 46 9.146685
62 47 9.131933
62 48 9.104877
62 49 9.593381
62 50 10.232720
62 51 10.010421
62 52 9.261327
62 53 9.116038
62 54 9.104081
62 55 9.375901
62 56 10.121367
62 57 10.167963
62 58 9.446141
62 59 9.100516
62 60 9.122699
62 61 9.213394
62 62 9.942316
62 63 10.253436
62 64 0.000000

63 0 0.000000
63 1 10.750657
63 2 9.854536
63 3 9.367596
63 4 9.633352
63 5 10.536593
63 6 11.003694
63 7 10.896842
63 8 10.122645
63 9 9.423513
63 10 9.478289
63 11 10.271717
63 12 10.947894
63 13 10.979874
63 14 10.400184
63 15 9.542358
63 16 9.389990
63 17 9.993190
63 18 10.836894
63 19 11.015542
63 20 10.644865
63 21 9.729467
63 22 9.360846
63 23 9.743344
63 24 10.658293
63 25 11.016543
63 26 10.827771
63 27 9.976328
63 28 9.386517
63 29 9.552051
63 30 10.416842
63 31 10.983316
63 32 10.942750
63 33 10.254253
63 34 9.470877
63 35 9.429010
63 36 10.140172
63 37 10.903745
63 38 11.001499
63 39 10.521221
63 40 9.621635
63 41 9.369406
63 42 9.870233
63 43 10.761833
63 44 11.019965
63 45 10.739209
63 46 9.839025
63 47 9.366003
63 48 9.645334
63 49 10.551764
63 50 11.005736
63 51 10.889688
63 52 10.105157
63 53 9.418263
63 54 9.485964
63 55 10.289126
63 56 10.952824
63 57 10.976246
63 58 10.383389
63 59 9.532940
63 60 9.393696
63 61 10.010166
63 62 10.845747
63 63 11.014409
63 64 0.000000

64 0 0.000000
64 1 0.000000
64 2 0.000000
64 3 0.000000
64 4 0.000000
64 5 0.000000
64 6 0.000000
64 7 0.000000
64 8 0.000000
64 9 0.000000
64 10 0.000000
64 11 0.000000
64 12 0.000000
64 13 0.000000
64 14 0.000000
64 15 0.000000
64 16 0.000000
64 17 0.000000
64 18 0.000000
64 19 0.000000
64 20 0.000000
64 21 0.000000
64 22 0.000000
64 23 0.000000
64 24 0.000000
64 25 0.000000
64 26 0.000000
64 27 0.000000
64 28 0.000000
64 29 0.000000
64 30 0.000000
64 31 0.000000
64 32 0.000000
64 33 0.000000
64 34 0.000000
64 35 0.000000
64 36 0.000000
64 37 0.000000
64 38 0.000000
64 39 0.000000
64 40 0.000000
64 41 0.000000
64 42 0.000000
64 43 0.000000
64 44 0.000000
64 45 0.000000
64 46 0.000000
64 47 0.000000
64 48 0.000000
64 49 0.000000
64 50 0.000000
64 51 0.000000
64 52 0.000000
64 53 0.000000
64 54 0.000000
64 55 0.000000
64 56 0.000000
64 57 0.000000
64 58 0.000000
64 59 0.000000
64 60 0.000000
64 61 0.000000
64 62 0.000000
64 63 0.000000
64 64 0.000000

