0 0 0.000000
0 1 0.000000
0 2 0.000000
0 3 0.000000
0 4 0.000000
0 5 0.000000
0 6 0.000000
0 7 0.000000
0 8 0.000000
0 9 0.000000
0 10 0.000000
0 11 0.000000
0 12 0.000000
0 13 0.000000
0 14 0.000000
0 15 0.000000
0 16 0.000000
0 17 0.000000
0 18 0.000000
0 19 0.000000
0 20 0.000000
0 21 0.000000
0 22 0.000000
0 23 0.000000
0 24 0.000000
0 25 0.000000
0 26 0.000000
0 27 0.000000
0 28 0.000000
0 29 0.000000
0 30 0.000000
0 31 0.000000
0 32 0.000000
0 33 0.000000
0 34 0.000000
0 35 0.000000
0 36 0.000000
0 37 0.000000
0 38 0.000000
0 39 0.000000
0 40 0.000000
0 41 0.000000
0 42 0.000000
0 43 0.000000
0 44 0.000000
0 45 0.000000
0 46 0.000000
0 47 0.000000
0 48 0.000000
0 49 0.000000
0 50 0.000000
0 51 0.000000
0 52 0.000000
0 53 0.000000
0 54 0.000000
0 55 0.000000
0 56 0.000000
0 57 0.000000
0 58 0.000000
0 59 0.000000
0 60 0.000000
0 61 0.000000
0 62 0.000000
0 63 0.000000
0 64 0.000000

1 0 0.000000
1 1 3.115649
1 2 1.588295
1 3 3.421638
1 4 1.965146
1 5 3.455129
1 6 2.148529
1 7 3.478639
1 8 1.978004
1 9 3.351817
1 10 2.098804
1 11 3.451620
1 12 2.026944
1 13 3.501884
1 14 2.130526
1 15 3.372521
1 16 1.946584
1 17 3.428242
1 18 2.158622
1 19 3.513564
1 20 2.012580
1 21 3.412686
1 22 2.100655
1 23 3.410480
1 24 2.005566
1 25 3.510045
1 26 2.158287
1 27 3.431236
1 28 1.954883
1 29 3.379513
1 30 2.133408
1 31 3.499244
1 32 2.017960
1 33 3.444747
1 34 2.095420
1 35 3.351843
1 36 1.979213
1 37 3.486886
1 38 2.162757
1 39 3.453348
1 40 1.948442
1 41 3.328392
1 42 2.105702
1 43 3.474791
1 44 2.029266
1 45 3.472906
1 46 2.104066
1 47 3.326430
1 48 1.947826
1 49 3.452551
1 50 2.159615
1 51 3.483118
1 52 1.976942
1 53 3.350285
1 54 2.098967
1 55 3.452524
1 56 2.027240
1 57 3.495313
1 58 2.117932
1 59 3.373599
1 60 1.964128
1 61 3.525923
1 62 1.641758
1 63 3.167531
1 64 0.000000

2 0 0.000000
2 1 1.486558
2 2 1.868911
2 3 0.862550
2 4 1.267563
2 5 0.583346
2 6 1.428428
2 7 0.536081
2 8 1.236451
2 9 0.680820
2 10 1.541787
2 11 0.619450
2 12 1.194339
2 13 0.537567
2 14 1.497591
2 15 0.653289
2 16 1.236328
2 17 0.622424
2 18 1.477134
2 19 0.533061
2 20 1.219389
2 21 0.659133
2 22 1.542956
2 23 0.650299
2 24 1.202975
2 25 0.525119
2 26 1.478091
2 27 0.631942
2 28 1.252781
2 29 0.662567
2 30 1.500561
2 31 0.529906
2 32 1.177242
2 33 0.608519
2 34 1.535106
2 35 0.677134
2 36 1.236269
2 37 0.549519
2 38 1.457222
2 39 0.582472
2 40 1.234961
2 41 0.674566
2 42 1.525720
2 43 0.574475
2 44 1.187467
2 45 0.576671
2 46 1.526071
2 47 0.673453
2 48 1.232059
2 49 0.575493
2 50 1.450287
2 51 0.548114
2 52 1.236894
2 53 0.681387
2 54 1.541998
2 55 0.618471
2 56 1.194098
2 57 0.526871
2 58 1.475204
2 59 0.660132
2 60 1.271559
2 61 0.814314
2 62 1.827331
2 63 1.432843
2 64 0.000000

3 0 0.000000
3 1 3.218070
3 2 0.919243
3 3 1.741680
3 4 1.273361
3 5 1.180191
3 6 1.224536
3 7 0.983631
3 8 1.199845
3 9 1.611450
3 10 1.376348
3 11 1.268335
3 12 1.120813
3 13 0.911973
3 14 1.275935
3 15 1.505686
3 16 1.198756
3 17 1.326818
3 18 1.239432
3 19 0.876127
3 20 1.150185
3 21 1.455677
3 22 1.369349
3 23 1.430497
3 24 1.109697
3 25 0.854845
3 26 1.239383
3 27 1.351769
3 28 1.237927
3 29 1.520181
3 30 1.273950
3 31 0.887019
3 32 1.078585
3 33 1.242429
3 34 1.355652
3 35 1.592651
3 36 1.188507
3 37 0.973225
3 38 1.223484
3 39 1.143517
3 40 1.190123
3 41 1.613129
3 42 1.331388
3 43 1.068304
3 44 1.122215
3 45 1.079500
3 46 1.333519
3 47 1.614080
3 48 1.186017
3 49 1.128135
3 50 1.218681
3 51 0.979939
3 52 1.189762
3 53 1.609035
3 54 1.376240
3 55 1.268625
3 56 1.132622
3 57 0.924526
3 58 1.283340
3 59 1.557287
3 60 1.286492
3 61 1.454588
3 62 0.802278
3 63 2.959673
3 64 0.000000

4 0 0.000000
4 1 1.787852
4 2 1.087758
4 3 1.270469
4 4 1.229989
4 5 1.202532
4 6 0.971960
4 7 1.152101
4 8 1.121194
4 9 1.252690
4 10 1.169817
4 11 1.187460
4 12 1.010025
4 13 1.121264
4 14 1.023159
4 15 1.177375
4 16 1.129865
4 17 1.147305
4 18 0.974869
4 19 1.119351
4 20 1.056688
4 21 1.208825
4 22 1.168916
4 23 1.176430
4 24 0.992282
4 25 1.086798
4 26 0.974255
4 27 1.178129
4 28 1.192252
4 29 1.205029
4 30 1.016838
4 31 1.084728
4 32 0.943430
4 33 1.136894
4 34 1.135742
4 35 1.224362
4 36 1.099360
4 37 1.126014
4 38 0.941650
4 39 1.120356
4 40 1.096437
4 41 1.203455
4 42 1.087605
4 43 1.150253
4 44 1.003402
4 45 1.151704
4 46 1.091019
4 47 1.202501
4 48 1.090508
4 49 1.115965
4 50 0.937829
4 51 1.124413
4 52 1.099936
4 53 1.241898
4 54 1.168756
4 55 1.198709
4 56 1.033113
4 57 1.151166
4 58 1.059718
4 59 1.265902
4 60 1.269589
4 61 1.220524
4 62 0.981432
4 63 1.778430
4 64 0.000000

5 0 0.000000
5 1 2.859475
5 2 0.449863
5 3 0.805914
5 4 0.973284
5 5 0.835122
5 6 0.928737
5 7 0.890163
5 8 0.966246
5 9 0.730982
5 10 0.912170
5 11 0.802613
5 12 0.979605
5 13 0.908298
5 14 0.904397
5 15 0.689192
5 16 0.872922
5 17 0.728973
5 18 0.918176
5 19 0.924212
5 20 0.970358
5 21 0.740168
5 22 0.882145
5 23 0.719543
5 24 0.927119
5 25 0.900765
5 26 0.913652
5 27 0.743529
5 28 0.909158
5 29 0.703061
5 30 0.894501
5 31 0.875642
5 32 0.921805
5 33 0.751359
5 34 0.870637
5 35 0.698746
5 36 0.942475
5 37 0.873096
5 38 0.915010
5 39 0.782381
5 40 0.885136
5 41 0.678414
5 42 0.896509
5 43 0.855808
5 44 0.983755
5 45 0.852044
5 46 0.896461
5 47 0.678251
5 48 0.885399
5 49 0.785634
5 50 0.914017
5 51 0.871750
5 52 0.947542
5 53 0.721392
5 54 0.912489
5 55 0.813725
5 56 0.998301
5 57 0.924347
5 58 0.920259
5 59 0.741285
5 60 0.962608
5 61 0.857024
5 62 0.499323
5 63 3.036571
5 64 0.000000

6 0 0.000000
6 1 1.972100
6 2 1.294365
6 3 1.169676
6 4 0.977369
6 5 1.099566
6 6 1.158997
6 7 1.144217
6 8 1.060434
6 9 1.027468
6 10 0.920045
6 11 1.102836
6 12 1.213818
6 13 1.163486
6 14 1.031585
6 15 0.999487
6 16 0.884356
6 17 1.041251
6 18 1.116101
6 19 1.169296
6 20 1.131411
6 21 1.041479
6 22 0.864713
6 23 1.030567
6 24 1.109612
6 25 1.154063
6 26 1.107106
6 27 1.042110
6 28 0.894555
6 29 0.998038
6 30 1.018051
6 31 1.132279
6 32 1.164173
6 33 1.053977
6 34 0.871288
6 35 0.990364
6 36 1.034430
6 37 1.132786
6 38 1.161423
6 39 1.079776
6 40 0.934970
6 41 0.981351
6 42 0.959854
6 43 1.131225
6 44 1.241102
6 45 1.129644
6 46 0.957116
6 47 0.982618
6 48 0.940735
6 49 1.083618
6 50 1.164100
6 51 1.138498
6 52 1.044593
6 53 1.020000
6 54 0.921501
6 55 1.110697
6 56 1.228759
6 57 1.168189
6 58 1.026831
6 59 1.016644
6 60 0.923882
6 61 1.221528
6 62 1.437665
6 63 2.020309
6 64 0.000000

7 0 0.000000
7 1 3.425332
7 2 0.662018
7 3 1.087003
7 4 1.171895
7 5 1.367254
7 6 1.232194
7 7 1.507822
7 8 1.230903
7 9 1.040542
7 10 1.150274
7 11 1.316641
7 12 1.284024
7 13 1.547720
7 14 1.182514
7 15 1.054632
7 16 1.131399
7 17 1.207981
7 18 1.222733
7 19 1.571234
7 20 1.248989
7 21 1.142885
7 22 1.118848
7 23 1.134470
7 24 1.223940
7 25 1.555147
7 26 1.214305
7 27 1.203570
7 28 1.139622
7 29 1.054048
7 30 1.166090
7 31 1.514025
7 32 1.229345
7 33 1.261905
7 34 1.103949
7 35 1.000571
7 36 1.192421
7 37 1.490964
7 38 1.231339
7 39 1.347738
7 40 1.141655
7 41 0.969072
7 42 1.147663
7 43 1.446923
7 44 1.288827
7 45 1.439723
7 46 1.147294
7 47 0.969542
7 48 1.146390
7 49 1.359155
7 50 1.233604
7 51 1.493307
7 52 1.206184
7 53 1.025631
7 54 1.149872
7 55 1.331959
7 56 1.306613
7 57 1.555994
7 58 1.180318
7 59 1.063305
7 60 1.157869
7 61 1.328108
7 62 0.740704
7 63 3.537776
7 64 0.000000

8 0 0.000000
8 1 1.855812
8 2 1.253469
8 3 1.086268
8 4 1.198536
8 5 1.034822
8 6 1.126457
8 7 1.047021
8 8 1.236062
8 9 1.080164
8 10 1.200605
8 11 1.058500
8 12 1.171241
8 13 1.026935
8 14 1.159862
8 15 1.037711
8 16 1.186393
8 17 1.036272
8 18 1.144310
8 19 1.023161
8 20 1.184962
8 21 1.048143
8 22 1.175640
8 23 1.034006
8 24 1.156286
8 25 1.004809
8 26 1.136473
8 27 1.035027
8 28 1.192046
8 29 1.030795
8 30 1.139981
8 31 0.986780
8 32 1.111295
8 33 1.006109
8 34 1.155874
8 35 1.032257
8 36 1.184691
8 37 1.018867
8 38 1.122090
8 39 1.023374
8 40 1.179848
8 41 1.036821
8 42 1.173153
8 43 1.036024
8 44 1.159574
8 45 1.037383
8 46 1.175009
8 47 1.040096
8 48 1.184744
8 49 1.026804
8 50 1.124393
8 51 1.029672
8 52 1.202862
8 53 1.062714
8 54 1.199180
8 55 1.073072
8 56 1.201717
8 57 1.042886
8 58 1.160792
8 59 1.044997
8 60 1.200425
8 61 1.087817
8 62 1.233073
8 63 1.821383
8 64 0.000000

9 0 0.000000
9 1 3.219091
9 2 0.767071
9 3 1.656434
9 4 1.229649
9 5 1.129287
9 6 1.072155
9 7 0.977809
9 8 1.228686
9 9 1.573115
9 10 1.251327
9 11 1.246765
9 12 1.121269
9 13 0.907463
9 14 1.149682
9 15 1.489851
9 16 1.260755
9 17 1.328494
9 18 1.114542
9 19 0.876103
9 20 1.155814
9 21 1.420900
9 22 1.245514
9 23 1.407801
9 24 1.138446
9 25 0.863671
9 26 1.108998
9 27 1.331363
9 28 1.262269
9 29 1.479650
9 30 1.135016
9 31 0.879930
9 32 1.086340
9 33 1.218410
9 34 1.219316
9 35 1.538008
9 36 1.195364
9 37 0.968006
9 38 1.093912
9 39 1.150981
9 40 1.241064
9 41 1.582217
9 42 1.206271
9 43 1.056197
9 44 1.118131
9 45 1.067168
9 46 1.209052
9 47 1.584033
9 48 1.238524
9 49 1.137057
9 50 1.089021
9 51 0.978477
9 52 1.204995
9 53 1.562272
9 54 1.248620
9 55 1.250810
9 56 1.142303
9 57 0.911491
9 58 1.131045
9 59 1.478583
9 60 1.249731
9 61 1.400443
9 62 0.645968
9 63 2.945333
9 64 0.000000

10 0 0.000000
10 1 1.905643
10 2 1.355486
10 3 1.330085
10 4 1.139700
10 5 1.091379
10 6 0.893296
10 7 1.078754
10 8 1.109760
10 9 1.225778
10 10 1.186255
10 11 1.142759
10 12 0.958966
10 13 1.073082
10 14 1.038025
10 15 1.203493
10 16 1.226582
10 17 1.171790
10 18 0.984179
10 19 1.079513
10 20 1.030431
10 21 1.186940
10 22 1.210296
10 23 1.183777
10 24 1.024415
10 25 1.075064
10 26 0.981466
10 27 1.169181
10 28 1.224335
10 29 1.197528
10 30 1.029106
10 31 1.063899
10 32 0.949886
10 33 1.128509
10 34 1.167427
10 35 1.208651
10 36 1.095127
10 37 1.095566
10 38 0.941800
10 39 1.136209
10 40 1.181383
10 41 1.233030
10 42 1.120045
10 43 1.111255
10 44 0.946993
10 45 1.112633
10 46 1.123101
10 47 1.229748
10 48 1.171103
10 49 1.124936
10 50 0.928497
10 51 1.089058
10 52 1.094944
10 53 1.216540
10 54 1.181816
10 55 1.146217
10 56 0.969721
10 57 1.059263
10 58 0.999265
10 59 1.166266
10 60 1.190107
10 61 1.273764
10 62 1.224309
10 63 1.883663
10 64 0.000000

11 0 0.000000
11 1 2.826792
11 2 0.471292
11 3 0.880270
11 4 0.936873
11 5 0.780681
11 6 0.918927
11 7 0.824005
11 8 0.994301
11 9 0.846915
11 10 0.953925
11 11 0.799921
11 12 0.945554
11 13 0.825985
11 14 0.955770
11 15 0.831968
11 16 0.977310
11 17 0.826596
11 18 0.972161
11 19 0.853855
11 20 0.975042
11 21 0.825493
11 22 0.960481
11 23 0.828332
11 24 0.981587
11 25 0.856962
11 26 0.971510
11 27 0.823925
11 28 0.972136
11 29 0.831419
11 30 0.960844
11 31 0.837788
11 32 0.963243
11 33 0.807821
11 34 0.952078
11 35 0.836219
11 36 0.975558
11 37 0.842110
11 38 0.972810
11 39 0.833128
11 40 0.988448
11 41 0.857100
11 42 0.971414
11 43 0.829398
11 44 0.968287
11 45 0.826405
11 46 0.967340
11 47 0.849960
11 48 0.977638
11 49 0.818193
11 50 0.952594
11 51 0.818890
11 52 0.951477
11 53 0.824348
11 54 0.950835
11 55 0.816717
11 56 0.982162
11 57 0.824097
11 58 0.916252
11 59 0.790041
11 60 0.931980
11 61 0.850177
11 62 0.491512
11 63 2.941253
11 64 0.000000

12 0 0.000000
12 1 1.846976
12 2 1.044512
12 3 1.094679
12 4 1.002691
12 5 1.180279
12 6 1.227162
12 7 1.252042
12 8 1.136992
12 9 1.140872
12 10 0.997868
12 11 1.172285
12 12 1.208625
12 13 1.246631
12 14 1.131559
12 15 1.147157
12 16 1.010423
12 17 1.193482
12 18 1.228925
12 19 1.286518
12 20 1.181355
12 21 1.165162
12 22 0.995477
12 23 1.174814
12 24 1.200804
12 25 1.296874
12 26 1.229860
12 27 1.190297
12 28 1.002598
12 29 1.152959
12 30 1.150746
12 31 1.278616
12 32 1.252621
12 33 1.202377
12 34 1.013453
12 35 1.137367
12 36 1.114020
12 37 1.270428
12 38 1.286134
12 39 1.240873
12 40 1.064631
12 41 1.145698
12 42 1.084430
12 43 1.245108
12 44 1.274505
12 45 1.239543
12 46 1.073912
12 47 1.134125
12 48 1.052347
12 49 1.221185
12 50 1.259566
12 51 1.232519
12 52 1.066297
12 53 1.104237
12 54 0.995667
12 55 1.202347
12 56 1.271543
12 57 1.257498
12 58 1.091175
12 59 1.099595
12 60 0.955944
12 61 1.139092
12 62 1.175161
12 63 1.900237
12 64 0.000000

13 0 0.000000
13 1 3.373507
13 2 0.640348
13 3 0.974538
13 4 1.130266
13 5 1.338820
13 6 1.259084
13 7 1.530122
13 8 1.235195
13 9 0.975040
13 10 1.169374
13 11 1.294534
13 12 1.291244
13 13 1.610445
13 14 1.266083
13 15 1.057780
13 16 1.194735
13 17 1.248302
13 18 1.336971
13 19 1.678369
13 20 1.302288
13 21 1.151751
13 22 1.204867
13 23 1.164219
13 24 1.317673
13 25 1.688830
13 26 1.340824
13 27 1.245963
13 28 1.196373
13 29 1.076486
13 30 1.293772
13 31 1.652779
13 32 1.343451
13 33 1.336518
13 34 1.211325
13 35 1.010537
13 36 1.258683
13 37 1.598626
13 38 1.365455
13 39 1.436018
13 40 1.228036
13 41 0.981323
13 42 1.247246
13 43 1.518720
13 44 1.344390
13 45 1.505177
13 46 1.237726
13 47 0.966033
13 48 1.210870
13 49 1.419677
13 50 1.330489
13 51 1.546535
13 52 1.203888
13 53 0.954919
13 54 1.165796
13 55 1.309260
13 56 1.314095
13 57 1.579825
13 58 1.186933
13 59 0.971855
13 60 1.109989
13 61 1.253847
13 62 0.745437
13 63 3.552410
13 64 0.000000

14 0 0.000000
14 1 2.007389
14 2 1.524148
14 3 1.198084
14 4 1.155315
14 5 1.038561
14 6 1.180354
14 7 1.069767
14 8 1.230092
14 9 1.089518
14 10 1.226734
14 11 1.113798
14 12 1.256079
14 13 1.133410
14 14 1.287318
14 15 1.135355
14 16 1.252556
14 17 1.159393
14 18 1.321910
14 19 1.171838
14 20 1.301641
14 21 1.161520
14 22 1.282304
14 23 1.167233
14 24 1.312638
14 25 1.180596
14 26 1.328535
14 27 1.167865
14 28 1.263048
14 29 1.158660
14 30 1.322873
14 31 1.181028
14 32 1.316051
14 33 1.177571
14 34 1.294215
14 35 1.158202
14 36 1.299498
14 37 1.180966
14 38 1.333744
14 39 1.181925
14 40 1.288357
14 41 1.158447
14 42 1.311637
14 43 1.176866
14 44 1.306830
14 45 1.173052
14 46 1.303199
14 47 1.143560
14 48 1.267395
14 49 1.149834
14 50 1.291127
14 51 1.129655
14 52 1.238693
14 53 1.091523
14 54 1.222614
14 55 1.103306
14 56 1.239323
14 57 1.066544
14 58 1.170045
14 59 1.019249
14 60 1.138183
14 61 1.214898
14 62 1.547137
14 63 1.985315
14 64 0.000000

15 0 0.000000
15 1 3.310667
15 2 0.795197
15 3 1.657682
15 4 1.233187
15 5 1.213065
15 6 1.138447
15 7 1.107872
15 8 1.283129
15 9 1.628065
15 10 1.340338
15 11 1.380078
15 12 1.227091
15 13 1.111647
15 14 1.299129
15 15 1.625870
15 16 1.396111
15 17 1.507165
15 18 1.292727
15 19 1.120621
15 20 1.306174
15 21 1.589788
15 22 1.419366
15 23 1.593249
15 24 1.320177
15 25 1.132074
15 26 1.303354
15 27 1.521334
15 28 1.405836
15 29 1.648573
15 30 1.340539
15 31 1.167919
15 32 1.303038
15 33 1.461700
15 34 1.419113
15 35 1.702028
15 36 1.356101
15 37 1.218312
15 38 1.293376
15 39 1.379634
15 40 1.402718
15 41 1.729491
15 42 1.383940
15 43 1.287471
15 44 1.281136
15 45 1.292595
15 46 1.377653
15 47 1.715653
15 48 1.378691
15 49 1.335014
15 50 1.245516
15 51 1.167540
15 52 1.288265
15 53 1.630025
15 54 1.335442
15 55 1.367268
15 56 1.214911
15 57 1.052553
15 58 1.188141
15 59 1.499488
15 60 1.248712
15 61 1.451325
15 62 0.685794
15 63 3.046448
15 64 0.000000

16 0 0.000000
16 1 1.770904
16 2 1.112641
16 3 1.167010
16 4 1.127747
16 5 1.059131
16 6 0.906032
16 7 1.077787
16 8 1.163994
16 9 1.260493
16 10 1.272673
16 11 1.183330
16 12 1.019650
16 13 1.121975
16 14 1.147184
16 15 1.290719
16 16 1.362560
16 17 1.262486
16 18 1.097224
16 19 1.158801
16 20 1.150192
16 21 1.297646
16 22 1.381442
16 23 1.306009
16 24 1.167134
16 25 1.174763
16 26 1.112449
16 27 1.274504
16 28 1.371750
16 29 1.318795
16 30 1.194859
16 31 1.191916
16 32 1.112405
16 33 1.274523
16 34 1.362984
16 35 1.343817
16 36 1.241106
16 37 1.194660
16 38 1.063107
16 39 1.240411
16 40 1.333759
16 41 1.351778
16 42 1.276511
16 43 1.212753
16 44 1.059941
16 45 1.210281
16 46 1.271626
16 47 1.336136
16 48 1.306705
16 49 1.200252
16 50 1.008816
16 51 1.129942
16 52 1.165099
16 53 1.258474
16 54 1.266767
16 55 1.176498
16 56 1.011210
16 57 1.065467
16 58 1.042052
16 59 1.148187
16 60 1.181898
16 61 1.103178
16 62 0.958866
16 63 1.734018
16 64 0.000000

17 0 0.000000
17 1 2.807316
17 2 0.479385
17 3 0.959898
17 4 0.902131
17 5 0.713432
17 6 0.858381
17 7 0.719995
17 8 0.976264
17 9 0.945576
17 10 0.986963
17 11 0.832218
17 12 0.966331
17 13 0.778768
17 14 1.002645
17 15 0.972397
17 16 1.060062
17 17 0.922567
17 18 1.020877
17 19 0.822378
17 20 1.043679
17 21 0.971988
17 22 1.074533
17 23 0.978032
17 24 1.059427
17 25 0.838047
17 26 1.036717
17 27 0.942469
17 28 1.080498
17 29 1.009962
17 30 1.060653
17 31 0.855029
17 32 1.061611
17 33 0.932398
17 34 1.088945
17 35 1.044237
17 36 1.073977
17 37 0.854236
17 38 1.030456
17 39 0.892608
17 40 1.085882
17 41 1.053553
17 42 1.068159
17 43 0.865014
17 44 1.032655
17 45 0.862120
17 46 1.058565
17 47 1.035955
17 48 1.058580
17 49 0.847295
17 50 0.972145
17 51 0.783146
17 52 0.987460
17 53 0.950426
17 54 0.983169
17 55 0.819834
17 56 0.948422
17 57 0.711590
17 58 0.885399
17 59 0.836894
17 60 0.903029
17 61 0.846336
17 62 0.459806
17 63 2.845548
17 64 0.000000

18 0 0.000000
18 1 1.951081
18 2 1.263030
18 3 1.200004
18 4 0.931612
18 5 1.099892
18 6 1.079942
18 7 1.157394
18 8 1.035137
18 9 1.104509
18 10 0.966269
18 11 1.169467
18 12 1.179319
18 13 1.249701
18 14 1.107686
18 15 1.174320
18 16 1.031458
18 17 1.219475
18 18 1.206063
18 19 1.309932
18 20 1.192339
18 21 1.222742
18 22 1.045219
18 23 1.230083
18 24 1.207275
18 25 1.325607
18 26 1.222169
18 27 1.243819
18 28 1.063558
18 29 1.224703
18 30 1.176323
18 31 1.333171
18 32 1.276881
18 33 1.275627
18 34 1.080556
18 35 1.220924
18 36 1.153517
18 37 1.310442
18 38 1.266891
18 39 1.274466
18 40 1.093666
18 41 1.203470
18 42 1.107818
18 43 1.286978
18 44 1.275523
18 45 1.279720
18 46 1.094063
18 47 1.182175
18 48 1.065001
18 49 1.228962
18 50 1.204801
18 51 1.230068
18 52 1.056376
18 53 1.113885
18 54 0.963948
18 55 1.154509
18 56 1.152183
18 57 1.170927
18 58 0.978035
18 59 1.042553
18 60 0.897617
18 61 1.229736
18 62 1.360923
18 63 2.000302
18 64 0.000000

19 0 0.000000
19 1 3.281110
19 2 0.571420
19 3 0.834573
19 4 1.044828
19 5 1.213923
19 6 1.159821
19 7 1.412688
19 8 1.131257
19 9 0.811521
19 10 1.064462
19 11 1.167711
19 12 1.223274
19 13 1.531261
19 14 1.193881
19 15 0.931702
19 16 1.127882
19 17 1.140836
19 18 1.283021
19 19 1.626798
19 20 1.263519
19 21 1.050772
19 22 1.147044
19 23 1.063592
19 24 1.279034
19 25 1.644837
19 26 1.301650
19 27 1.162163
19 28 1.162829
19 29 0.990448
19 30 1.267942
19 31 1.626081
19 32 1.333406
19 33 1.274392
19 34 1.178793
19 35 0.922518
19 36 1.233124
19 37 1.550027
19 38 1.324525
19 39 1.356444
19 40 1.175944
19 41 0.867551
19 42 1.192417
19 43 1.450421
19 44 1.309690
19 45 1.433934
19 46 1.179147
19 47 0.844828
19 48 1.147823
19 49 1.321005
19 50 1.260248
19 51 1.456865
19 52 1.127425
19 53 0.805887
19 54 1.062616
19 55 1.171528
19 56 1.221656
19 57 1.475004
19 58 1.088631
19 59 0.822623
19 60 1.023326
19 61 1.129828
19 62 0.691110
19 63 3.510504
19 64 0.000000

20 0 0.000000
20 1 1.877875
20 2 1.229908
20 3 1.047195
20 4 1.129043
20 5 1.047019
20 6 1.206144
20 7 1.074341
20 8 1.194301
20 9 1.030270
20 10 1.123351
20 11 1.056065
20 12 1.224035
20 13 1.103127
20 14 1.236108
20 15 1.081752
20 16 1.173450
20 17 1.124621
20 18 1.308623
20 19 1.168476
20 20 1.282835
20 21 1.119470
20 22 1.192815
20 23 1.127604
20 24 1.298677
20 25 1.186815
20 26 1.329472
20 27 1.153640
20 28 1.210667
20 29 1.140118
20 30 1.314935
20 31 1.203541
20 32 1.346108
20 33 1.174047
20 34 1.236959
20 35 1.129756
20 36 1.279028
20 37 1.187582
20 38 1.348100
20 39 1.168057
20 40 1.228757
20 41 1.107401
20 42 1.250330
20 43 1.158566
20 44 1.314506
20 45 1.152667
20 46 1.237840
20 47 1.087557
20 48 1.202071
20 49 1.121570
20 50 1.282625
20 51 1.098536
20 52 1.166008
20 53 1.015510
20 54 1.122750
20 55 1.067883
20 56 1.248573
20 57 1.075342
20 58 1.155925
20 59 1.003980
20 60 1.098783
20 61 1.081624
20 62 1.297292
20 63 1.871337
20 64 0.000000

21 0 0.000000
21 1 3.392436
21 2 0.815253
21 3 1.647252
21 4 1.273671
21 5 1.298524
21 6 1.175494
21 7 1.204393
21 8 1.283333
21 9 1.573715
21 10 1.315390
21 11 1.400530
21 12 1.236501
21 13 1.211356
21 14 1.311905
21 15 1.604584
21 16 1.397858
21 17 1.536930
21 18 1.332637
21 19 1.248846
21 20 1.333734
21 21 1.589342
21 22 1.413517
21 23 1.592463
21 24 1.344748
21 25 1.263275
21 26 1.351837
21 27 1.570085
21 28 1.439404
21 29 1.663410
21 30 1.391760
21 31 1.309895
21 32 1.357492
21 33 1.527140
21 34 1.441476
21 35 1.690562
21 36 1.393388
21 37 1.341497
21 38 1.345088
21 39 1.454659
21 40 1.409901
21 41 1.685991
21 42 1.388084
21 43 1.369468
21 44 1.311932
21 45 1.374064
21 46 1.384684
21 47 1.670966
21 48 1.381580
21 49 1.402267
21 50 1.281522
21 51 1.262281
21 52 1.287561
21 53 1.576442
21 54 1.314257
21 55 1.394361
21 56 1.231467
21 57 1.157152
21 58 1.204632
21 59 1.497536
21 60 1.287356
21 61 1.512309
21 62 0.732996
21 63 3.162171
21 64 0.000000

22 0 0.000000
22 1 1.922979
22 2 1.435791
22 3 1.318978
22 4 1.187344
22 5 1.051688
22 6 0.903559
22 7 1.033341
22 8 1.153290
22 9 1.217399
22 10 1.275125
22 11 1.148094
22 12 1.018606
22 13 1.096121
22 14 1.174720
22 15 1.280355
22 16 1.390697
22 17 1.260455
22 18 1.137856
22 19 1.150422
22 20 1.172626
22 21 1.282496
22 22 1.403280
22 23 1.285454
22 24 1.178638
22 25 1.162359
22 26 1.156015
22 27 1.292274
22 28 1.436636
22 29 1.343590
22 30 1.255852
22 31 1.196686
22 32 1.139289
22 33 1.277367
22 34 1.413697
22 35 1.354257
22 36 1.289130
22 37 1.199850
22 38 1.101337
22 39 1.236619
22 40 1.359908
22 41 1.337229
22 42 1.300041
22 43 1.189610
22 44 1.063631
22 45 1.192150
22 46 1.304937
22 47 1.325185
22 48 1.330328
22 49 1.190935
22 50 1.038618
22 51 1.119307
22 52 1.189584
22 53 1.235054
22 54 1.273458
22 55 1.129930
22 56 0.983232
22 57 1.011463
22 58 1.040085
22 59 1.140148
22 60 1.244298
22 61 1.259719
22 62 1.282293
22 63 1.879439
22 64 0.000000

23 0 0.000000
23 1 2.834319
23 2 0.536946
23 3 1.118171
23 4 0.967804
23 5 0.757190
23 6 0.892854
23 7 0.711420
23 8 1.022637
23 9 1.094496
23 10 1.050365
23 11 0.894814
23 12 0.994330
23 13 0.758156
23 14 1.062734
23 15 1.129096
23 16 1.152751
23 17 1.038980
23 18 1.081758
23 19 0.805752
23 20 1.096415
23 21 1.099401
23 22 1.152449
23 23 1.099030
23 24 1.101826
23 25 0.818279
23 26 1.102202
23 27 1.074221
23 28 1.196495
23 29 1.192103
23 30 1.150369
23 31 0.863802
23 32 1.120298
23 33 1.031309
23 34 1.191400
23 35 1.231671
23 36 1.159712
23 37 0.876312
23 38 1.089143
23 39 0.954587
23 40 1.160896
23 41 1.225505
23 42 1.134584
23 43 0.884273
23 44 1.065090
23 45 0.888668
23 46 1.134153
23 47 1.217588
23 48 1.142836
23 49 0.908422
23 50 1.025657
23 51 0.794734
23 52 1.052814
23 53 1.111765
23 54 1.051097
23 55 0.878290
23 56 0.966510
23 57 0.679552
23 58 0.930948
23 59 0.977835
23 60 0.976721
23 61 0.935748
23 62 0.487953
23 63 2.797691
23 64 0.000000

24 0 0.000000
24 1 1.810962
24 2 1.002191
24 3 1.111952
24 4 0.969492
24 5 1.158390
24 6 1.116522
24 7 1.233748
24 8 1.107393
24 9 1.208725
24 10 1.058254
24 11 1.248221
24 12 1.204975
24 13 1.315874
24 14 1.171983
24 15 1.290173
24 16 1.158391
24 17 1.328348
24 18 1.259112
24 19 1.385078
24 20 1.248517
24 21 1.322095
24 22 1.149880
24 23 1.324529
24 24 1.253726
24 25 1.399078
24 26 1.281646
24 27 1.360858
24 28 1.200465
24 29 1.358409
24 30 1.266568
24 31 1.429110
24 32 1.336218
24 33 1.386124
24 34 1.202514
24 35 1.350102
24 36 1.245951
24 37 1.400802
24 38 1.311374
24 39 1.362928
24 40 1.183723
24 41 1.309842
24 42 1.183746
24 43 1.359463
24 44 1.300416
24 45 1.356342
24 46 1.178350
24 47 1.303278
24 48 1.175979
24 49 1.326897
24 50 1.247017
24 51 1.310569
24 52 1.131227
24 53 1.221849
24 54 1.060617
24 55 1.239126
24 56 1.184711
24 57 1.240726
24 58 1.042603
24 59 1.122466
24 60 0.952181
24 61 1.128757
24 62 1.066554
24 63 1.855734
24 64 0.000000

25 0 0.000000
25 1 3.194034
25 2 0.537790
25 3 0.756524
25 4 1.001849
25 5 1.147301
25 6 1.152431
25 7 1.370788
25 8 1.129074
25 9 0.782342
25 10 1.080854
25 11 1.147630
25 12 1.251284
25 13 1.526104
25 14 1.225167
25 15 0.926084
25 16 1.161951
25 17 1.134996
25 18 1.321114
25 19 1.631682
25 20 1.301941
25 21 1.046638
25 22 1.181108
25 23 1.057127
25 24 1.313023
25 25 1.651875
25 26 1.348389
25 27 1.171089
25 28 1.217657
25 29 1.011003
25 30 1.331081
25 31 1.652592
25 32 1.392650
25 33 1.291835
25 34 1.239026
25 35 0.943014
25 36 1.286674
25 37 1.560635
25 38 1.366106
25 39 1.349843
25 40 1.204208
25 41 0.861859
25 42 1.222950
25 43 1.442994
25 44 1.343131
25 45 1.429417
25 46 1.216063
25 47 0.846574
25 48 1.184411
25 49 1.314953
25 50 1.294251
25 51 1.453592
25 52 1.161420
25 53 0.797428
25 54 1.084061
25 55 1.140414
25 56 1.222514
25 57 1.438973
25 58 1.085571
25 59 0.762119
25 60 0.981697
25 61 1.045474
25 62 0.664226
25 63 3.456483
25 64 0.000000

26 0 0.000000
26 1 2.019817
26 2 1.478647
26 3 1.167470
26 4 1.081037
26 5 1.055529
26 6 1.234559
26 7 1.106269
26 8 1.190545
26 9 1.058359
26 10 1.142128
26 11 1.139000
26 12 1.332430
26 13 1.214328
26 14 1.307204
26 15 1.149102
26 16 1.194344
26 17 1.205258
26 18 1.407607
26 19 1.288043
26 20 1.377343
26 21 1.210165
26 22 1.236648
26 23 1.218757
26 24 1.394143
26 25 1.312272
26 26 1.439184
26 27 1.255524
26 28 1.263182
26 29 1.242210
26 30 1.423824
26 31 1.348078
26 32 1.483158
26 33 1.300312
26 34 1.313567
26 35 1.232442
26 36 1.366526
26 37 1.310226
26 38 1.466470
26 39 1.266806
26 40 1.271195
26 41 1.178051
26 42 1.309326
26 43 1.267656
26 44 1.436925
26 45 1.263973
26 46 1.301441
26 47 1.158192
26 48 1.239972
26 49 1.211609
26 50 1.388264
26 51 1.203871
26 52 1.232050
26 53 1.081089
26 54 1.146814
26 55 1.122853
26 56 1.295919
26 57 1.121410
26 58 1.158029
26 59 0.997242
26 60 1.040566
26 61 1.215187
26 62 1.581388
26 63 2.027499
26 64 0.000000

27 0 0.000000
27 1 3.452758
27 2 0.815388
27 3 1.587019
27 4 1.280222
27 5 1.366027
27 6 1.222342
27 7 1.322739
27 8 1.313396
27 9 1.541027
27 10 1.347614
27 11 1.471631
27 12 1.309888
27 13 1.368975
27 14 1.366508
27 15 1.595205
27 16 1.421375
27 17 1.580098
27 18 1.404935
27 19 1.425896
27 20 1.413119
27 21 1.630436
27 22 1.473293
27 23 1.639028
27 24 1.432377
27 25 1.455909
27 26 1.446583
27 27 1.641778
27 28 1.500391
27 29 1.696220
27 30 1.490994
27 31 1.514725
27 32 1.479329
27 33 1.647121
27 34 1.525881
27 35 1.711435
27 36 1.476830
27 37 1.511147
27 38 1.439157
27 39 1.564298
27 40 1.456248
27 41 1.667945
27 42 1.449699
27 43 1.510679
27 44 1.406788
27 45 1.509732
27 46 1.440154
27 47 1.642934
27 48 1.415199
27 49 1.495583
27 50 1.350194
27 51 1.397512
27 52 1.331622
27 53 1.552193
27 54 1.350874
27 55 1.466056
27 56 1.298781
27 57 1.304197
27 58 1.245552
27 59 1.470457
27 60 1.291401
27 61 1.531223
27 62 0.760372
27 63 3.271562
27 64 0.000000

28 0 0.000000
28 1 1.797270
28 2 1.194225
28 3 1.174130
28 4 1.219203
28 5 1.047979
28 6 0.937287
28 7 1.029171
28 8 1.187722
28 9 1.201962
28 10 1.288264
28 11 1.121038
28 12 1.023430
28 13 1.062400
28 14 1.180566
28 15 1.240328
28 16 1.380820
28 17 1.224692
28 18 1.148425
28 19 1.131010
28 20 1.202286
28 21 1.279558
28 22 1.441442
28 23 1.290295
28 24 1.223736
28 25 1.167714
28 26 1.200710
28 27 1.295122
28 28 1.469907
28 29 1.350861
28 30 1.312986
28 31 1.222628
28 32 1.212231
28 33 1.307529
28 34 1.473129
28 35 1.369708
28 36 1.338910
28 37 1.205486
28 38 1.139443
28 39 1.229638
28 40 1.380760
28 41 1.325762
28 42 1.336193
28 43 1.188630
28 44 1.100268
28 45 1.182848
28 46 1.324215
28 47 1.294923
28 48 1.330566
28 49 1.154637
28 50 1.038872
28 51 1.077628
28 52 1.182356
28 53 1.200590
28 54 1.290333
28 55 1.129242
28 56 1.037088
28 57 1.023206
28 58 1.087740
28 59 1.141119
28 60 1.274767
28 61 1.119713
28 62 1.043985
28 63 1.745921
28 64 0.000000

29 0 0.000000
29 1 2.870290
29 2 0.568663
29 3 1.243414
29 4 1.001255
29 5 0.762480
29 6 0.855029
29 7 0.656230
29 8 1.008837
29 9 1.174516
29 10 1.045382
29 11 0.900927
29 12 0.957431
29 13 0.683956
29 14 1.037469
29 15 1.191895
29 16 1.146395
29 17 1.068000
29 18 1.054424
29 19 0.738848
29 20 1.091661
29 21 1.179192
29 22 1.188615
29 23 1.187029
29 24 1.115499
29 25 0.776721
29 26 1.107626
29 27 1.144918
29 28 1.238477
29 29 1.305140
29 30 1.178863
29 31 0.847377
29 32 1.146550
29 33 1.100490
29 34 1.246985
29 35 1.363390
29 36 1.189821
29 37 0.859076
29 38 1.085299
29 39 0.974207
29 40 1.186571
29 41 1.343084
29 42 1.153996
29 43 0.876535
29 44 1.056204
29 45 0.875843
29 46 1.138710
29 47 1.311370
29 48 1.135018
29 49 0.888824
29 50 0.981781
29 51 0.732866
29 52 1.029689
29 53 1.189099
29 54 1.049021
29 55 0.892235
29 56 0.944790
29 57 0.620096
29 58 0.918583
29 59 1.071467
29 60 1.017537
29 61 1.003373
29 62 0.487525
29 63 2.758402
29 64 0.000000

30 0 0.000000
30 1 1.919537
30 2 1.246285
30 3 1.239155
30 4 0.953042
30 5 1.080799
30 6 0.953636
30 7 1.109347
30 8 0.997006
30 9 1.128593
30 10 0.984246
30 11 1.157498
30 12 1.076249
30 13 1.211390
30 14 1.069637
30 15 1.223009
30 16 1.105846
30 17 1.255474
30 18 1.147200
30 19 1.297095
30 20 1.164308
30 21 1.281667
30 22 1.134945
30 23 1.294767
30 24 1.190909
30 25 1.337535
30 26 1.201288
30 27 1.330506
30 28 1.201513
30 29 1.346115
30 30 1.220570
30 31 1.381930
30 32 1.265911
30 33 1.361975
30 34 1.203423
30 35 1.343638
30 36 1.208199
30 37 1.344532
30 38 1.212241
30 39 1.314865
30 40 1.162727
30 41 1.288767
30 42 1.135928
30 43 1.293613
30 44 1.191088
30 45 1.283961
30 46 1.117485
30 47 1.252591
30 48 1.108621
30 49 1.234525
30 50 1.105336
30 51 1.208254
30 52 1.043692
30 53 1.154260
30 54 0.988624
30 55 1.140053
30 56 1.037078
30 57 1.118800
30 58 0.924127
30 59 1.074306
30 60 0.953567
30 61 1.239571
30 62 1.267970
30 63 1.954283
30 64 0.000000

31 0 0.000000
31 1 3.085891
31 2 0.475496
31 3 0.667711
31 4 0.913607
31 5 0.992622
31 6 1.025368
31 7 1.187498
31 8 1.000437
31 9 0.640892
31 10 0.947762
31 11 0.975064
31 12 1.120871
31 13 1.342039
31 14 1.102924
31 15 0.797152
31 16 1.060307
31 17 0.993437
31 18 1.206505
31 19 1.465203
31 20 1.201341
31 21 0.924838
31 22 1.087805
31 23 0.942792
31 24 1.228376
31 25 1.506721
31 26 1.260550
31 27 1.061687
31 28 1.152575
31 29 0.922280
31 30 1.253622
31 31 1.518421
31 32 1.317451
31 33 1.175949
31 34 1.163218
31 35 0.857452
31 36 1.213192
31 37 1.422489
31 38 1.274533
31 39 1.219702
31 40 1.128850
31 41 0.769960
31 42 1.128655
31 43 1.289983
31 44 1.235717
31 45 1.269299
31 46 1.106507
31 47 0.733095
31 48 1.080680
31 49 1.152217
31 50 1.167250
31 51 1.275381
31 52 1.042510
31 53 0.661802
31 54 0.952244
31 55 0.964424
31 56 1.084828
31 57 1.251962
31 58 0.964488
31 59 0.641915
31 60 0.895435
31 61 0.927120
31 62 0.599140
31 63 3.360761
31 64 0.000000

32 0 0.000000
32 1 1.873507
32 2 1.153748
32 3 0.989912
32 4 0.993105
32 5 1.030437
32 6 1.219405
32 7 1.088163
32 8 1.113354
32 9 0.990303
32 10 1.024847
32 11 1.079115
32 12 1.275585
32 13 1.179955
32 14 1.235583
32 15 1.106068
32 16 1.120986
32 17 1.175197
32 18 1.364197
32 19 1.275032
32 20 1.332448
32 21 1.170335
32 22 1.143403
32 23 1.184202
32 24 1.359872
32 25 1.315558
32 26 1.417659
32 27 1.246302
32 28 1.209477
32 29 1.225660
32 30 1.385509
32 31 1.356431
32 32 1.478251
32 33 1.286375
32 34 1.236113
32 35 1.203170
32 36 1.327027
32 37 1.314672
32 38 1.458509
32 39 1.260570
32 40 1.213737
32 41 1.142859
32 42 1.238661
32 43 1.244539
32 44 1.407789
32 45 1.232087
32 46 1.213453
32 47 1.108965
32 48 1.171816
32 49 1.185866
32 50 1.352064
32 51 1.173430
32 52 1.151449
32 53 1.011484
32 54 1.029891
32 55 1.065297
32 56 1.243504
32 57 1.098330
32 58 1.104779
32 59 0.951744
32 60 0.943924
32 61 1.048802
32 62 1.288756
32 63 1.897346
32 64 0.000000

33 0 0.000000
33 1 3.486176
33 2 0.794282
33 3 1.473492
33 4 1.237046
33 5 1.381117
33 6 1.232373
33 7 1.385448
33 8 1.277748
33 9 1.418008
33 10 1.298427
33 11 1.457673
33 12 1.317330
33 13 1.464468
33 14 1.367709
33 15 1.526532
33 16 1.411771
33 17 1.570202
33 18 1.430824
33 19 1.545598
33 20 1.426902
33 21 1.581636
33 22 1.448711
33 23 1.594532
33 24 1.451914
33 25 1.584649
33 26 1.484253
33 27 1.642180
33 28 1.502683
33 29 1.646032
33 30 1.514874
33 31 1.635343
33 32 1.512808
33 33 1.662997
33 34 1.513456
33 35 1.631651
33 36 1.489255
33 37 1.617194
33 38 1.485502
33 39 1.618116
33 40 1.457254
33 41 1.575981
33 42 1.443071
33 43 1.573440
33 44 1.426116
33 45 1.564878
33 46 1.423854
33 47 1.540854
33 48 1.406784
33 49 1.538479
33 50 1.378049
33 51 1.481085
33 52 1.322198
33 53 1.441205
33 54 1.301103
33 55 1.439374
33 56 1.278231
33 57 1.373857
33 58 1.224669
33 59 1.369621
33 60 1.241911
33 61 1.502886
33 62 0.777007
33 63 3.371539
33 64 0.000000

34 0 0.000000
34 1 1.950883
34 2 1.501372
34 3 1.286835
34 4 1.212264
34 5 1.023117
34 6 0.962683
34 7 1.004395
34 8 1.183961
34 9 1.167464
34 10 1.295738
34 11 1.121109
34 12 1.082628
34 13 1.086744
34 14 1.241860
34 15 1.255903
34 16 1.420269
34 17 1.251671
34 18 1.228790
34 19 1.163948
34 20 1.259788
34 21 1.288785
34 22 1.469353
34 23 1.299987
34 24 1.282050
34 25 1.201851
34 26 1.282664
34 27 1.324878
34 28 1.513330
34 29 1.374454
34 30 1.386148
34 31 1.252874
34 32 1.271388
34 33 1.324362
34 34 1.514086
34 35 1.381180
34 36 1.393426
34 37 1.242466
34 38 1.230130
34 39 1.266357
34 40 1.431581
34 41 1.338587
34 42 1.385744
34 43 1.207968
34 44 1.159424
34 45 1.201316
34 46 1.371830
34 47 1.302763
34 48 1.373495
34 49 1.183064
34 50 1.121096
34 51 1.109309
34 52 1.234623
34 53 1.193366
34 54 1.296500
34 55 1.098500
34 56 1.036052
34 57 0.986268
34 58 1.086684
34 59 1.097263
34 60 1.257898
34 61 1.243106
34 62 1.373496
34 63 1.899384
34 64 0.000000

35 0 0.000000
35 1 2.947331
35 2 0.641948
35 3 1.405983
35 4 1.090545
35 5 0.870249
35 6 0.939931
35 7 0.738092
35 8 1.102485
35 9 1.352508
35 10 1.152379
35 11 1.028101
35 12 1.034665
35 13 0.753503
35 14 1.135617
35 15 1.368010
35 16 1.259177
35 17 1.219690
35 18 1.148130
35 19 0.803210
35 20 1.175165
35 21 1.335189
35 22 1.295160
35 23 1.341216
35 24 1.196741
35 25 0.837927
35 26 1.197663
35 27 1.293053
35 28 1.346234
35 29 1.475477
35 30 1.271553
35 31 0.911359
35 32 1.219183
35 33 1.224564
35 34 1.350636
35 35 1.539097
35 36 1.282943
35 37 0.943351
35 38 1.177101
35 39 1.094934
35 40 1.293047
35 41 1.529002
35 42 1.256809
35 43 0.970548
35 44 1.131001
35 45 0.971822
35 46 1.241879
35 47 1.497487
35 48 1.241062
35 49 1.007668
35 50 1.073913
35 51 0.819454
35 52 1.123996
35 53 1.366269
35 54 1.153045
35 55 1.014082
35 56 1.016096
35 57 0.680942
35 58 1.004150
35 59 1.230963
35 60 1.108618
35 61 1.126828
35 62 0.538171
35 63 2.770618
35 64 0.000000

36 0 0.000000
36 1 1.791002
36 2 1.021564
36 3 1.189316
36 4 1.073548
36 5 1.181219
36 6 1.030128
36 7 1.213850
36 8 1.126406
36 9 1.264939
36 10 1.125388
36 11 1.243800
36 12 1.106695
36 13 1.264172
36 14 1.144711
36 15 1.320533
36 16 1.226808
36 17 1.337785
36 18 1.192690
36 19 1.343587
36 20 1.214169
36 21 1.365328
36 22 1.255155
36 23 1.375723
36 24 1.235390
36 25 1.376918
36 26 1.238023
36 27 1.401373
36 28 1.308473
36 29 1.425195
36 30 1.272929
36 31 1.418787
36 32 1.287414
36 33 1.423618
36 34 1.304392
36 35 1.430199
36 36 1.278398
36 37 1.393683
36 38 1.237400
36 39 1.377832
36 40 1.259795
36 41 1.385781
36 42 1.228441
36 43 1.352863
36 44 1.212356
36 45 1.344449
36 46 1.212421
36 47 1.354468
36 48 1.212822
36 49 1.305601
36 50 1.139317
36 51 1.264161
36 52 1.118246
36 53 1.260960
36 54 1.125124
36 55 1.248214
36 56 1.115684
36 57 1.214314
36 58 1.036312
36 59 1.196921
36 60 1.087423
36 61 1.170563
36 62 0.997792
36 63 1.812430
36 64 0.000000

37 0 0.000000
37 1 3.006259
37 2 0.471419
37 3 0.695527
37 4 0.945843
37 5 0.964915
37 6 1.035455
37 7 1.144628
37 8 1.043303
37 9 0.701820
37 10 0.994838
37 11 0.966509
37 12 1.128869
37 13 1.276915
37 14 1.116815
37 15 0.815913
37 16 1.072595
37 17 0.975339
37 18 1.202585
37 19 1.381995
37 20 1.198227
37 21 0.923745
37 22 1.103428
37 23 0.936258
37 24 1.216106
37 25 1.409385
37 26 1.237750
37 27 1.024544
37 28 1.143891
37 29 0.913578
37 30 1.235066
37 31 1.419136
37 32 1.290222
37 33 1.128283
37 34 1.165619
37 35 0.869603
37 36 1.204230
37 37 1.336494
37 38 1.251197
37 39 1.160731
37 40 1.130469
37 41 0.797518
37 42 1.139132
37 43 1.231873
37 44 1.230509
37 45 1.217037
37 46 1.126100
37 47 0.770521
37 48 1.092174
37 49 1.106354
37 50 1.163271
37 51 1.211571
37 52 1.056539
37 53 0.706469
37 54 0.994612
37 55 0.963013
37 56 1.113493
37 57 1.202081
37 58 0.987528
37 59 0.675727
37 60 0.927193
37 61 0.900148
37 62 0.577167
37 63 3.269022
37 64 0.000000

38 0 0.000000
38 1 2.009676
38 2 1.399244
38 3 1.151468
38 4 0.999701
38 5 1.071239
38 6 1.229433
38 7 1.136127
38 8 1.130658
38 9 1.043841
38 10 1.043704
38 11 1.147404
38 12 1.327620
38 13 1.249514
38 14 1.250900
38 15 1.135208
38 16 1.093534
38 17 1.201524
38 18 1.376921
38 19 1.322628
38 20 1.340959
38 21 1.199854
38 22 1.124685
38 23 1.207264
38 24 1.355560
38 25 1.342252
38 26 1.401324
38 27 1.244257
38 28 1.154224
38 29 1.219845
38 30 1.358770
38 31 1.374295
38 32 1.468769
38 33 1.299470
38 34 1.206011
38 35 1.210030
38 36 1.299950
38 37 1.332794
38 38 1.453039
38 39 1.274810
38 40 1.182710
38 41 1.157454
38 42 1.227859
38 43 1.289453
38 44 1.442315
38 45 1.284839
38 46 1.218565
38 47 1.137657
38 48 1.153065
38 49 1.221183
38 50 1.376458
38 51 1.227036
38 52 1.165864
38 53 1.061090
38 54 1.043756
38 55 1.127637
38 56 1.288717
38 57 1.154917
38 58 1.101157
38 59 0.984382
38 60 0.942356
38 61 1.210422
38 62 1.546297
38 63 2.043037
38 64 0.000000

39 0 0.000000
39 1 3.492929
39 2 0.759424
39 3 1.347846
39 4 1.206043
39 5 1.392081
39 6 1.245306
39 7 1.458365
39 8 1.280392
39 9 1.323130
39 10 1.287930
39 11 1.460089
39 12 1.342694
39 13 1.553217
39 14 1.356932
39 15 1.419887
39 16 1.359993
39 17 1.506588
39 18 1.415174
39 19 1.618954
39 20 1.408132
39 21 1.488103
39 22 1.390129
39 23 1.493291
39 24 1.414935
39 25 1.633348
39 26 1.436928
39 27 1.539529
39 28 1.407556
39 29 1.492800
39 30 1.451953
39 31 1.666950
39 32 1.474424
39 33 1.599148
39 34 1.437323
39 35 1.472229
39 36 1.426870
39 37 1.632638
39 38 1.446138
39 39 1.580792
39 40 1.385063
39 41 1.417336
39 42 1.396321
39 43 1.597161
39 44 1.429609
39 45 1.593159
39 46 1.391947
39 47 1.403753
39 48 1.363937
39 49 1.537137
39 50 1.375129
39 51 1.535822
39 52 1.306745
39 53 1.333991
39 54 1.285553
39 55 1.444833
39 56 1.311593
39 57 1.471124
39 58 1.224591
39 59 1.273200
39 60 1.202163
39 61 1.454588
39 62 0.772303
39 63 3.449503
39 64 0.000000

40 0 0.000000
40 1 1.818317
40 2 1.226233
40 3 1.089582
40 4 1.156549
40 5 0.980562
40 6 0.991216
40 7 0.988004
40 8 1.182855
40 9 1.121687
40 10 1.266461
40 11 1.082722
40 12 1.090813
40 13 1.046425
40 14 1.212812
40 15 1.178413
40 16 1.351954
40 17 1.171665
40 18 1.191343
40 19 1.095543
40 20 1.219615
40 21 1.195287
40 22 1.377414
40 23 1.194722
40 24 1.218238
40 25 1.104428
40 26 1.210800
40 27 1.198158
40 28 1.385973
40 29 1.236344
40 30 1.294691
40 31 1.148273
40 32 1.213376
40 33 1.211689
40 34 1.402311
40 35 1.251329
40 36 1.306459
40 37 1.138517
40 38 1.169402
40 39 1.156816
40 40 1.331017
40 41 1.221672
40 42 1.316038
40 43 1.136509
40 44 1.145948
40 45 1.136883
40 46 1.316031
40 47 1.216012
40 48 1.319523
40 49 1.118356
40 50 1.103714
40 51 1.053401
40 52 1.200397
40 53 1.128456
40 54 1.262288
40 55 1.069093
40 56 1.067266
40 57 0.977702
40 58 1.098155
40 59 1.039083
40 60 1.187904
40 61 1.055440
40 62 1.122447
40 63 1.766541
40 64 0.000000

41 0 0.000000
41 1 3.016736
41 2 0.665823
41 3 1.475027
41 4 1.077901
41 5 0.888947
41 6 0.925524
41 7 0.741436
41 8 1.093302
41 9 1.409185
41 10 1.155438
41 11 1.066875
41 12 1.028616
41 13 0.749691
41 14 1.117496
41 15 1.410706
41 16 1.248577
41 17 1.242788
41 18 1.110590
41 19 0.769675
41 20 1.137011
41 21 1.349775
41 22 1.256479
41 23 1.345572
41 24 1.138721
41 25 0.777100
41 26 1.125656
41 27 1.273745
41 28 1.284515
41 29 1.463290
41 30 1.195210
41 31 0.844135
41 32 1.145225
41 33 1.196888
41 34 1.287769
41 35 1.535592
41 36 1.219576
41 37 0.891665
41 38 1.107794
41 39 1.069618
41 40 1.246216
41 41 1.546459
41 42 1.216488
41 43 0.955983
41 44 1.096193
41 45 0.966431
41 46 1.217724
41 47 1.539752
41 48 1.227513
41 49 1.018245
41 50 1.045231
41 51 0.817142
41 52 1.116787
41 53 1.421557
41 54 1.151106
41 55 1.044536
41 56 0.999348
41 57 0.676266
41 58 0.994288
41 59 1.277178
41 60 1.096382
41 61 1.177328
41 62 0.544278
41 63 2.787577
41 64 0.000000

42 0 0.000000
42 1 1.903724
42 2 1.282176
42 3 1.289135
42 4 1.030621
42 5 1.084242
42 6 0.895870
42 7 1.093821
42 8 1.039091
42 9 1.191656
42 10 1.086138
42 11 1.167172
42 12 1.012029
42 13 1.167673
42 14 1.068398
42 15 1.256999
42 16 1.198512
42 17 1.257939
42 18 1.083527
42 19 1.223845
42 20 1.108541
42 21 1.270191
42 22 1.194074
42 23 1.272505
42 24 1.113596
42 25 1.231867
42 26 1.094501
42 27 1.282662
42 28 1.236950
42 29 1.312979
42 30 1.142606
42 31 1.260455
42 32 1.123307
42 33 1.287462
42 34 1.215722
42 35 1.320914
42 36 1.168658
42 37 1.252132
42 38 1.082723
42 39 1.258780
42 40 1.193248
42 41 1.302192
42 42 1.145931
42 43 1.236387
42 44 1.078299
42 45 1.237133
42 46 1.148118
42 47 1.290134
42 48 1.166439
42 49 1.215571
42 50 1.022306
42 51 1.171344
42 52 1.067912
42 53 1.203746
42 54 1.080875
42 55 1.146877
42 56 0.976406
42 57 1.083607
42 58 0.935972
42 59 1.120658
42 60 1.057566
42 61 1.253953
42 62 1.216510
42 63 1.910960
42 64 0.000000

43 0 0.000000
43 1 2.923533
43 2 0.449991
43 3 0.708505
43 4 0.913380
43 5 0.866146
43 6 0.964018
43 7 1.002596
43 8 0.986137
43 9 0.682860
43 10 0.931623
43 11 0.858538
43 12 1.033140
43 13 1.099215
43 14 1.033829
43 15 0.774237
43 16 1.016468
43 17 0.888224
43 18 1.103199
43 19 1.186371
43 20 1.094672
43 21 0.837385
43 22 1.012774
43 23 0.844948
43 24 1.104947
43 25 1.199032
43 26 1.116873
43 27 0.909786
43 28 1.051562
43 29 0.831214
43 30 1.108871
43 31 1.195699
43 32 1.147258
43 33 0.972202
43 34 1.051056
43 35 0.797605
43 36 1.093698
43 37 1.142357
43 38 1.130479
43 39 1.016050
43 40 1.053251
43 41 0.761575
43 42 1.047711
43 43 1.063409
43 44 1.113984
43 45 1.053559
43 46 1.040746
43 47 0.744545
43 48 1.027863
43 49 0.978612
43 50 1.067936
43 51 1.051272
43 52 0.985149
43 53 0.679279
43 54 0.927847
43 55 0.855986
43 56 1.025558
43 57 1.037444
43 58 0.921809
43 59 0.656471
43 60 0.896702
43 61 0.845352
43 62 0.535079
43 63 3.156090
43 64 0.000000

44 0 0.000000
44 1 1.873456
44 2 1.107539
44 3 1.058035
44 4 1.025867
44 5 1.141618
44 6 1.272137
44 7 1.205466
44 8 1.151038
44 9 1.075130
44 10 1.008080
44 11 1.143294
44 12 1.283247
44 13 1.246400
44 14 1.210943
44 15 1.138891
44 16 1.064548
44 17 1.205082
44 18 1.340269
44 19 1.319412
44 20 1.291435
44 21 1.180462
44 22 1.060926
44 23 1.188349
44 24 1.307103
44 25 1.335279
44 26 1.356039
44 27 1.229039
44 28 1.096234
44 29 1.192849
44 30 1.286567
44 31 1.342643
44 32 1.399431
44 33 1.256374
44 34 1.117347
44 35 1.172661
44 36 1.236134
44 37 1.321073
44 38 1.417659
44 39 1.273265
44 40 1.143158
44 41 1.150122
44 42 1.174107
44 43 1.275158
44 44 1.394105
44 45 1.267407
44 46 1.158783
44 47 1.129993
44 48 1.118825
44 49 1.228830
44 50 1.354057
44 51 1.230971
44 52 1.120706
44 53 1.058478
44 54 1.005797
44 55 1.152412
44 56 1.304476
44 57 1.210999
44 58 1.119603
44 59 1.043652
44 60 0.966032
44 61 1.117734
44 62 1.264578
44 63 1.918510
44 64 0.000000

45 0 0.000000
45 1 3.488115
45 2 0.744864
45 3 1.256664
45 4 1.231556
45 5 1.438599
45 6 1.299338
45 7 1.546624
45 8 1.303762
45 9 1.233995
45 10 1.274404
45 11 1.442156
45 12 1.353458
45 13 1.627913
45 14 1.365050
45 15 1.334950
45 16 1.342525
45 17 1.468876
45 18 1.435977
45 19 1.704259
45 20 1.409834
45 21 1.412688
45 22 1.361489
45 23 1.422527
45 24 1.423428
45 25 1.719776
45 26 1.452632
45 27 1.490043
45 28 1.374414
45 29 1.388610
45 30 1.435171
45 31 1.717930
45 32 1.461107
45 33 1.549493
45 34 1.387334
45 35 1.343261
45 36 1.405643
45 37 1.685249
45 38 1.471197
45 39 1.594801
45 40 1.377433
45 41 1.306993
45 42 1.385859
45 43 1.625806
45 44 1.436009
45 45 1.615346
45 46 1.374000
45 47 1.285115
45 48 1.348168
45 49 1.553421
45 50 1.407084
45 51 1.597838
45 52 1.302026
45 53 1.229411
45 54 1.270564
45 55 1.439996
45 56 1.347102
45 57 1.565772
45 58 1.249475
45 59 1.213534
45 60 1.220497
45 61 1.437003
45 62 0.795117
45 63 3.523482
45 64 0.000000

46 0 0.000000
46 1 1.985419
46 2 1.541301
46 3 1.252464
46 4 1.214674
46 5 1.037875
46 6 1.090776
46 7 1.044056
46 8 1.239826
46 9 1.147943
46 10 1.306769
46 11 1.131002
46 12 1.187469
46 13 1.115231
46 14 1.296753
46 15 1.211707
46 16 1.375657
46 17 1.217213
46 18 1.297056
46 19 1.167149
46 20 1.298789
46 21 1.233226
46 22 1.412558
46 23 1.238956
46 24 1.309913
46 25 1.181452
46 26 1.314798
46 27 1.241660
46 28 1.407226
46 29 1.259670
46 30 1.360929
46 31 1.196562
46 32 1.286602
46 33 1.238330
46 34 1.422604
46 35 1.265100
46 36 1.358253
46 37 1.201994
46 38 1.288926
46 39 1.223877
46 40 1.388527
46 41 1.259579
46 42 1.381671
46 43 1.195315
46 44 1.242611
46 45 1.191355
46 46 1.372907
46 47 1.238695
46 48 1.355531
46 49 1.175098
46 50 1.224396
46 51 1.124751
46 52 1.266905
46 53 1.159142
46 54 1.302135
46 55 1.111856
46 56 1.153516
46 57 1.028898
46 58 1.157384
46 59 1.069443
46 60 1.230664
46 61 1.234756
46 62 1.476719
46 63 1.940912
46 64 0.000000

47 0 0.000000
47 1 3.120666
47 2 0.733765
47 3 1.593747
47 4 1.166350
47 5 1.030931
47 6 1.038630
47 7 0.892761
47 8 1.209875
47 9 1.565666
47 10 1.277722
47 11 1.224289
47 12 1.136613
47 13 0.893738
47 14 1.229528
47 15 1.558547
47 16 1.354386
47 17 1.391675
47 18 1.218289
47 19 0.906939
47 20 1.238796
47 21 1.500727
47 22 1.374968
47 23 1.503173
47 24 1.253603
47 25 0.921624
47 26 1.234880
47 27 1.415951
47 28 1.375532
47 29 1.593645
47 30 1.286812
47 31 0.967834
47 32 1.233215
47 33 1.330072
47 34 1.381546
47 35 1.664552
47 36 1.309410
47 37 1.028174
47 38 1.218343
47 39 1.224061
47 40 1.361940
47 41 1.698225
47 42 1.332430
47 43 1.103951
47 44 1.198265
47 45 1.110422
47 46 1.325098
47 47 1.681961
47 48 1.332848
47 49 1.169299
47 50 1.159801
47 51 0.965318
47 52 1.225261
47 53 1.574055
47 54 1.273719
47 55 1.206505
47 56 1.116190
47 57 0.824379
47 58 1.105340
47 59 1.416059
47 60 1.185500
47 61 1.303158
47 62 0.606285
47 63 2.858389
47 64 0.000000

48 0 0.000000
48 1 1.768814
48 2 1.047545
48 3 1.173683
48 4 1.073540
48 5 1.111113
48 6 0.942738
48 7 1.149599
48 8 1.142394
48 9 1.286170
48 10 1.212424
48 11 1.231899
48 12 1.053349
48 13 1.200833
48 14 1.135724
48 15 1.323721
48 16 1.306775
48 17 1.308578
48 18 1.117404
48 19 1.243552
48 20 1.159135
48 21 1.334989
48 22 1.315582
48 23 1.344121
48 24 1.177784
48 25 1.260775
48 26 1.133280
48 27 1.322074
48 28 1.318000
48 29 1.354465
48 30 1.186740
48 31 1.273685
48 32 1.148179
48 33 1.325319
48 34 1.304884
48 35 1.372682
48 36 1.223698
48 37 1.271173
48 38 1.104596
48 39 1.300631
48 40 1.291202
48 41 1.377730
48 42 1.238298
48 43 1.277991
48 44 1.105324
48 45 1.274537
48 46 1.231915
48 47 1.361929
48 48 1.265379
48 49 1.261353
48 50 1.050901
48 51 1.205204
48 52 1.145439
48 53 1.286051
48 54 1.208410
48 55 1.226296
48 56 1.045694
48 57 1.142255
48 58 1.026077
48 59 1.172627
48 60 1.113467
48 61 1.124630
48 62 0.942670
48 63 1.760008
48 64 0.000000

49 0 0.000000
49 1 2.857348
49 2 0.439007
49 3 0.748182
49 4 0.877859
49 5 0.786386
49 6 0.922097
49 7 0.901354
49 8 0.985420
49 9 0.759582
49 10 0.959345
49 11 0.847667
49 12 1.020940
49 13 0.991981
49 14 1.018718
49 15 0.814845
49 16 1.017061
49 17 0.871430
49 18 1.060393
49 19 1.051087
49 20 1.069148
49 21 0.860446
49 22 1.028465
49 23 0.869975
49 24 1.086043
49 25 1.066271
49 26 1.072968
49 27 0.882885
49 28 1.030188
49 29 0.845932
49 30 1.066219
49 31 1.056643
49 32 1.100288
49 33 0.926373
49 34 1.040774
49 35 0.839366
49 36 1.062629
49 37 1.019183
49 38 1.077049
49 39 0.947811
49 40 1.049549
49 41 0.830192
49 42 1.045864
49 43 0.983346
49 44 1.081911
49 45 0.974627
49 46 1.036242
49 47 0.814385
49 48 1.028171
49 49 0.917061
49 50 1.029325
49 51 0.955621
49 52 0.990271
49 53 0.760766
49 54 0.957757
49 55 0.844156
49 56 1.012106
49 57 0.931749
49 58 0.909647
49 59 0.684780
49 60 0.867511
49 61 0.805337
49 62 0.491595
49 63 3.038642
49 64 0.000000

50 0 0.000000
50 1 1.981693
50 2 1.313860
50 3 1.159175
50 4 0.941774
50 5 1.086847
50 6 1.173629
50 7 1.157148
50 8 1.076344
50 9 1.058204
50 10 0.970394
50 11 1.144760
50 12 1.251706
50 13 1.237381
50 14 1.146237
50 15 1.109388
50 16 0.994119
50 17 1.164104
50 18 1.256419
50 19 1.283846
50 20 1.224977
50 21 1.158170
50 22 1.008984
50 23 1.165863
50 24 1.240381
50 25 1.296065
50 26 1.265126
50 27 1.176279
50 28 1.009249
50 29 1.139134
50 30 1.190150
50 31 1.291327
50 32 1.314920
50 33 1.212019
50 34 1.041013
50 35 1.130198
50 36 1.149149
50 37 1.267712
50 38 1.321235
50 39 1.223876
50 40 1.067826
50 41 1.118768
50 42 1.106732
50 43 1.248942
50 44 1.334248
50 45 1.242694
50 46 1.094644
50 47 1.103670
50 48 1.050219
50 49 1.194241
50 50 1.280339
50 51 1.213644
50 52 1.083317
50 53 1.061713
50 54 0.971002
50 55 1.140039
50 56 1.242340
50 57 1.178107
50 58 1.037833
50 59 1.002000
50 60 0.888214
50 61 1.213078
50 62 1.460803
50 63 2.031066
50 64 0.000000

51 0 0.000000
51 1 3.432929
51 2 0.673376
51 3 1.085147
51 4 1.145806
51 5 1.356757
51 6 1.235506
51 7 1.506696
51 8 1.227670
51 9 1.055963
51 10 1.173766
51 11 1.324841
51 12 1.272999
51 13 1.573283
51 14 1.248547
51 15 1.122960
51 16 1.192570
51 17 1.285083
51 18 1.309793
51 19 1.632016
51 20 1.288253
51 21 1.214387
51 22 1.214664
51 23 1.227217
51 24 1.305805
51 25 1.645917
51 26 1.318764
51 27 1.289610
51 28 1.201143
51 29 1.147879
51 30 1.282860
51 31 1.621429
51 32 1.331342
51 33 1.373302
51 34 1.220684
51 35 1.094152
51 36 1.252318
51 37 1.571795
51 38 1.335545
51 39 1.442342
51 40 1.224739
51 41 1.063875
51 42 1.243014
51 43 1.513400
51 44 1.326920
51 45 1.502147
51 46 1.234281
51 47 1.049123
51 48 1.207359
51 49 1.423786
51 50 1.300251
51 51 1.521180
51 52 1.197501
51 53 1.038693
51 54 1.174041
51 55 1.343853
51 56 1.302433
51 57 1.553571
51 58 1.183454
51 59 1.056967
51 60 1.132517
51 61 1.324428
51 62 0.752360
51 63 3.541951
51 64 0.000000

52 0 0.000000
52 1 1.854503
52 2 1.252728
52 3 1.076259
52 4 1.178264
52 5 1.019200
52 6 1.114603
52 7 1.028601
52 8 1.210202
52 9 1.064125
52 10 1.193555
52 11 1.023538
52 12 1.107660
52 13 1.002523
52 14 1.173919
52 15 1.049519
52 16 1.195331
52 17 1.056193
52 18 1.174683
52 19 1.029450
52 20 1.166607
52 21 1.061085
52 22 1.219389
52 23 1.070947
52 24 1.185930
52 25 1.043652
52 26 1.183953
52 27 1.061387
52 28 1.196759
52 29 1.062501
52 30 1.198073
52 31 1.040983
52 32 1.160915
52 33 1.061297
52 34 1.215939
52 35 1.063496
52 36 1.186289
52 37 1.042481
52 38 1.166855
52 39 1.061004
52 40 1.209466
52 41 1.072229
52 42 1.213366
52 43 1.046164
52 44 1.138685
52 45 1.043827
52 46 1.207829
52 47 1.061386
52 48 1.193510
52 49 1.038234
52 50 1.137591
52 51 1.006920
52 52 1.143277
52 53 1.030918
52 54 1.194331
52 55 1.058208
52 56 1.176121
52 57 1.026397
52 58 1.152699
52 59 1.031928
52 60 1.181749
52 61 1.077602
52 62 1.230778
52 63 1.819952
52 64 0.000000

53 0 0.000000
53 1 3.212987
53 2 0.764656
53 3 1.648790
53 4 1.216764
53 5 1.115876
53 6 1.064294
53 7 0.962207
53 8 1.213251
53 9 1.562042
53 10 1.244275
53 11 1.224046
53 12 1.087754
53 13 0.888695
53 14 1.154142
53 15 1.492504
53 16 1.262320
53 17 1.334496
53 18 1.128511
53 19 0.874002
53 20 1.146419
53 21 1.425685
53 22 1.266520
53 23 1.425363
53 24 1.154689
53 25 0.880343
53 26 1.134889
53 27 1.344417
53 28 1.265928
53 29 1.496817
53 30 1.166486
53 31 0.905173
53 32 1.113863
53 33 1.245088
53 34 1.249943
53 35 1.554109
53 36 1.196653
53 37 0.975863
53 38 1.116287
53 39 1.165653
53 40 1.254039
53 41 1.598012
53 42 1.223969
53 43 1.055743
53 44 1.106678
53 45 1.064949
53 46 1.223104
53 47 1.592811
53 48 1.241073
53 49 1.138436
53 50 1.095375
53 51 0.962699
53 52 1.174944
53 53 1.545864
53 54 1.245461
53 55 1.240731
53 56 1.130258
53 57 0.899033
53 58 1.126625
53 59 1.470490
53 60 1.238605
53 61 1.391669
53 62 0.644271
53 63 2.939924
53 64 0.000000

54 0 0.000000
54 1 1.905687
54 2 1.353701
54 3 1.330617
54 4 1.138471
54 5 1.092953
54 6 0.893939
54 7 1.080613
54 8 1.108887
54 9 1.226091
54 10 1.183661
54 11 1.143882
54 12 0.960004
54 13 1.075221
54 14 1.037103
54 15 1.204493
54 16 1.225408
54 17 1.174166
54 18 0.986177
54 19 1.084619
54 20 1.034325
54 21 1.192396
54 22 1.213267
54 23 1.190873
54 24 1.031593
54 25 1.085178
54 26 0.990195
54 27 1.179140
54 28 1.231585
54 29 1.207737
54 30 1.038179
54 31 1.075480
54 32 0.959800
54 33 1.138199
54 34 1.173085
54 35 1.216089
54 36 1.100252
54 37 1.102358
54 38 0.946297
54 39 1.140629
54 40 1.181991
54 41 1.235041
54 42 1.119376
54 43 1.114064
54 44 0.949492
54 45 1.115490
54 46 1.122539
54 47 1.231800
54 48 1.171693
54 49 1.129110
54 50 0.932519
54 51 1.094849
54 52 1.098563
54 53 1.221886
54 54 1.184793
54 55 1.152602
54 56 0.975718
54 57 1.066069
54 58 1.002728
54 59 1.170570
54 60 1.191156
54 61 1.276812
54 62 1.225437
54 63 1.885275
54 64 0.000000

55 0 0.000000
55 1 2.828692
55 2 0.470775
55 3 0.880513
55 4 0.948907
55 5 0.791857
55 6 0.925977
55 7 0.839025
55 8 1.008381
55 9 0.850370
55 10 0.957623
55 11 0.818607
55 12 0.979107
55 13 0.845161
55 14 0.949635
55 15 0.823371
55 16 0.975112
55 17 0.818298
55 18 0.960800
55 19 0.862380
55 20 0.991388
55 21 0.823730
55 22 0.946832
55 23 0.817041
55 24 0.978702
55 25 0.856197
55 26 0.960765
55 27 0.823256
55 28 0.984774
55 29 0.826062
55 30 0.946201
55 31 0.831027
55 32 0.953328
55 33 0.793522
55 34 0.933470
55 35 0.826142
55 36 0.984781
55 37 0.843210
55 38 0.956729
55 39 0.821253
55 40 0.977701
55 41 0.836735
55 42 0.953362
55 43 0.830398
55 44 0.981893
55 45 0.829146
55 46 0.953132
55 47 0.836707
55 48 0.977343
55 49 0.819260
55 50 0.951556
55 51 0.841636
55 52 0.989248
55 53 0.842810
55 54 0.960952
55 55 0.832896
55 56 1.004084
55 57 0.845963
55 58 0.927231
55 59 0.798676
55 60 0.947279
55 61 0.858294
55 62 0.494854
55 63 2.948371
55 64 0.000000

56 0 0.000000
56 1 1.848532
56 2 1.047303
56 3 1.106599
56 4 1.028127
56 5 1.197771
56 6 1.240706
56 7 1.271270
56 8 1.166065
56 9 1.158269
56 10 1.007830
56 11 1.208318
56 12 1.274599
56 13 1.271782
56 14 1.120054
56 15 1.137669
56 16 1.006980
56 17 1.177367
56 18 1.203943
56 19 1.286204
56 20 1.209867
56 21 1.162201
56 22 0.964901
56 23 1.150979
56 24 1.187561
56 25 1.272932
56 26 1.199375
56 27 1.182051
56 28 1.020395
56 29 1.140588
56 30 1.112223
56 31 1.242345
56 32 1.222768
56 33 1.164061
56 34 0.970539
56 35 1.120470
56 36 1.127371
56 37 1.256732
56 38 1.249557
56 39 1.209606
56 40 1.042658
56 41 1.114884
56 42 1.049155
56 43 1.237856
56 44 1.299385
56 45 1.236089
56 46 1.046226
56 47 1.117571
56 48 1.051312
56 49 1.215669
56 50 1.253571
56 51 1.263429
56 52 1.138272
56 53 1.146721
56 54 1.012909
56 55 1.227910
56 56 1.309305
56 57 1.283468
56 58 1.109525
56 59 1.121420
56 60 0.985286
56 61 1.154947
56 62 1.181335
56 63 1.902734
56 64 0.000000

57 0 0.000000
57 1 3.373333
57 2 0.633796
57 3 0.992157
57 4 1.162891
57 5 1.358356
57 6 1.262178
57 7 1.535994
57 8 1.243354
57 9 0.975132
57 10 1.152695
57 11 1.295380
57 12 1.304841
57 13 1.586997
57 14 1.206213
57 15 1.005281
57 16 1.141517
57 17 1.185585
57 18 1.258696
57 19 1.623752
57 20 1.272593
57 21 1.100550
57 22 1.124942
57 23 1.094451
57 24 1.250905
57 25 1.612255
57 26 1.255724
57 27 1.186865
57 28 1.157145
57 29 1.013297
57 30 1.198582
57 31 1.562630
57 32 1.259023
57 33 1.248151
57 34 1.114161
57 35 0.943619
57 36 1.213337
57 37 1.529881
57 38 1.272900
57 39 1.354645
57 40 1.154403
57 41 0.905471
57 42 1.160158
57 43 1.458964
57 44 1.310179
57 45 1.449821
57 46 1.159259
57 47 0.905576
57 48 1.159388
57 49 1.367727
57 50 1.274815
57 51 1.529568
57 52 1.225058
57 53 0.965538
57 54 1.157132
57 55 1.314959
57 56 1.329472
57 57 1.592411
57 58 1.197297
57 59 0.999707
57 60 1.147193
57 61 1.272738
57 62 0.739288
57 63 3.549360
57 64 0.000000

58 0 0.000000
58 1 1.996368
58 2 1.504245
58 3 1.205633
58 4 1.190744
58 5 1.050100
58 6 1.168411
58 7 1.055088
58 8 1.213163
58 9 1.056892
58 10 1.178978
58 11 1.068035
58 12 1.212889
58 13 1.055306
58 14 1.174997
58 15 1.025101
58 16 1.145110
58 17 1.037397
58 18 1.186125
58 19 1.057521
58 20 1.209651
58 21 1.048244
58 22 1.148575
58 23 1.037758
58 24 1.188250
58 25 1.046011
58 26 1.184617
58 27 1.045166
58 28 1.162340
58 29 1.029958
58 30 1.166928
58 31 1.031001
58 32 1.172649
58 33 1.027648
58 34 1.138363
58 35 1.025883
58 36 1.191288
58 37 1.050055
58 38 1.180630
58 39 1.040318
58 40 1.158676
58 41 1.021800
58 42 1.168457
58 43 1.056112
58 44 1.208871
58 45 1.057117
58 46 1.169653
58 47 1.023422
58 48 1.161083
58 49 1.041503
58 50 1.181177
58 51 1.057533
58 52 1.204876
58 53 1.054834
58 54 1.183608
58 55 1.077802
58 56 1.227890
58 57 1.059630
58 58 1.168335
58 59 1.038332
58 60 1.178793
58 61 1.224222
58 62 1.525928
58 63 1.974154
58 64 0.000000

59 0 0.000000
59 1 3.307912
59 2 0.799167
59 3 1.703512
59 4 1.317476
59 5 1.252642
59 6 1.139372
59 7 1.088590
59 8 1.252956
59 9 1.586864
59 10 1.284486
59 11 1.322128
59 12 1.171134
59 13 1.017699
59 14 1.177605
59 15 1.489645
59 16 1.243060
59 17 1.356262
59 18 1.145979
59 19 0.987621
59 20 1.197936
59 21 1.461186
59 22 1.270185
59 23 1.436625
59 24 1.156022
59 25 0.966198
59 26 1.146788
59 27 1.381615
59 28 1.284839
59 29 1.504903
59 30 1.172178
59 31 0.987104
59 32 1.120237
59 33 1.283216
59 34 1.248907
59 35 1.555829
59 36 1.230360
59 37 1.068612
59 38 1.129116
59 39 1.208249
59 40 1.230155
59 41 1.567203
59 42 1.227497
59 43 1.149014
59 44 1.168599
59 45 1.159123
59 46 1.230974
59 47 1.569170
59 48 1.227921
59 49 1.197666
59 50 1.127766
59 51 1.079369
59 52 1.238912
59 53 1.583257
59 54 1.287564
59 55 1.330195
59 56 1.192862
59 57 1.040584
59 58 1.196612
59 59 1.548900
59 60 1.336828
59 61 1.496057
59 62 0.690332
59 63 3.043249
59 64 0.000000

60 0 0.000000
60 1 1.786199
60 2 1.141772
60 3 1.252275
60 4 1.264405
60 5 1.138388
60 6 0.923553
60 7 1.068841
60 8 1.124013
60 9 1.212744
60 10 1.212445
60 11 1.122915
60 12 0.954693
60 13 1.028287
60 14 1.020020
60 15 1.132093
60 16 1.167830
60 17 1.090367
60 18 0.943282
60 19 1.023869
60 20 1.029401
60 21 1.159217
60 22 1.220824
60 23 1.127863
60 24 0.966913
60 25 0.994365
60 26 0.947001
60 27 1.125326
60 28 1.234397
60 29 1.163835
60 30 1.017650
60 31 0.996475
60 32 0.893977
60 33 1.077077
60 34 1.182160
60 35 1.185843
60 36 1.101273
60 37 1.041195
60 38 0.891430
60 39 1.050778
60 40 1.121834
60 41 1.165034
60 42 1.110209
60 43 1.070109
60 44 0.936537
60 45 1.072577
60 46 1.115218
60 47 1.164438
60 48 1.114975
60 49 1.045645
60 50 0.886993
60 51 1.040577
60 52 1.103635
60 53 1.203576
60 54 1.213722
60 55 1.137701
60 56 0.982309
60 57 1.064486
60 58 1.064258
60 59 1.231381
60 60 1.321432
60 61 1.191136
60 62 0.990817
60 63 1.751047
60 64 0.000000

61 0 0.000000
61 1 2.900443
61 2 0.663953
61 3 1.100588
61 4 1.010943
61 5 0.854929
61 6 1.030869
61 7 0.803497
61 8 0.963512
61 9 0.981179
61 10 1.082641
61 11 0.864421
61 12 0.936426
61 13 0.786922
61 14 1.039563
61 15 0.913103
61 16 0.914416
61 17 0.852905
61 18 1.031589
61 19 0.784880
61 20 0.947540
61 21 0.918239
61 22 1.070572
61 23 0.897707
61 24 0.909969
61 25 0.767047
61 26 1.033714
61 27 0.876643
61 28 0.956426
61 29 0.933906
61 30 1.042336
61 31 0.768595
61 32 0.897666
61 33 0.837104
61 34 1.063861
61 35 0.965140
61 36 0.952496
61 37 0.794342
61 38 1.024733
61 39 0.807319
61 40 0.919524
61 41 0.960302
61 42 1.060719
61 43 0.817694
61 44 0.940638
61 45 0.819560
61 46 1.061000
61 47 0.960035
61 48 0.917072
61 49 0.801527
61 50 1.020233
61 51 0.792780
61 52 0.951522
61 53 0.977527
61 54 1.085120
61 55 0.872719
61 56 0.953413
61 57 0.803613
61 58 1.055264
61 59 0.971658
61 60 1.012691
61 61 0.995753
61 62 0.653047
61 63 2.946694
61 64 0.000000

62 0 0.000000
62 1 1.429852
62 2 1.605966
62 3 0.768600
62 4 1.014039
62 5 0.610668
62 6 1.408881
62 7 0.638170
62 8 1.050930
62 9 0.590052
62 10 1.219191
62 11 0.608759
62 12 1.185743
62 13 0.666394
62 14 1.309813
62 15 0.570060
62 16 0.936085
62 17 0.578609
62 18 1.382506
62 19 0.677999
62 20 1.121868
62 21 0.595346
62 22 1.199027
62 23 0.588333
62 24 1.109596
62 25 0.672191
62 26 1.382680
62 27 0.588543
62 28 0.953945
62 29 0.582446
62 30 1.318014
62 31 0.662557
62 32 1.168676
62 33 0.597579
62 34 1.212540
62 35 0.586746
62 36 1.051691
62 37 0.649044
62 38 1.428597
62 39 0.600883
62 40 0.974332
62 41 0.575995
62 42 1.260694
62 43 0.639209
62 44 1.216468
62 45 0.636629
62 46 1.256798
62 47 0.574687
62 48 0.975180
62 49 0.598768
62 50 1.424294
62 51 0.643431
62 52 1.047290
62 53 0.590102
62 54 1.222246
62 55 0.612937
62 56 1.192354
62 57 0.662534
62 58 1.296700
62 59 0.585388
62 60 0.978602
62 61 0.766108
62 62 1.716809
62 63 1.494508
62 64 0.000000

63 0 0.000000
63 1 2.935822
63 2 1.438434
63 3 3.062770
63 4 1.819621
63 5 3.298905
63 6 2.043509
63 7 3.503299
63 8 1.864409
63 9 2.993681
63 10 1.915989
63 11 3.214000
63 12 1.940453
63 13 3.596293
63 14 2.006804
63 15 3.019408
63 16 1.772537
63 17 3.129754
63 18 2.047072
63 19 3.647618
63 20 1.919173
63 21 3.078366
63 22 1.903817
63 23 3.078057
63 24 1.913150
63 25 3.646156
63 26 2.047531
63 27 3.130854
63 28 1.781430
63 29 3.028221
63 30 2.011532
63 31 3.598351
63 32 1.932504
63 33 3.203655
63 34 1.912444
63 35 2.993867
63 36 1.865709
63 37 3.514338
63 38 2.053798
63 39 3.288360
63 40 1.799216
63 41 2.967168
63 42 1.955420
63 43 3.414531
63 44 1.943766
63 45 3.401018
63 46 1.951744
63 47 2.965192
63 48 1.800763
63 49 3.298656
63 50 2.050806
63 51 3.500262
63 52 1.861663
63 53 2.991928
63 54 1.917755
63 55 3.220904
63 56 1.943172
63 57 3.590253
63 58 1.999591
63 59 3.024491
63 60 1.793839
63 61 3.227420
63 62 1.549378
63 63 3.235471
63 64 0.000000

64 0 0.000000
64 1 0.000000
64 2 0.000000
64 3 0.000000
64 4 0.000000
64 5 0.000000
64 6 0.000000
64 7 0.000000
64 8 0.000000
64 9 0.000000
64 10 0.000000
64 11 0.000000
64 12 0.000000
64 13 0.000000
64 14 0.000000
64 15 0.000000
64 16 0.000000
64 17 0.000000
64 18 0.000000
64 19 0.000000
64 20 0.000000
64 21 0.000000
64 22 0.000000
64 23 0.000000
64 24 0.000000
64 25 0.000000
64 26 0.000000
64 27 0.000000
64 28 0.000000
64 29 0.000000
64 30 0.000000
64 31 0.000000
64 32 0.000000
64 33 0.000000
64 34 0.000000
64 35 0.000000
64 36 0.000000
64 37 0.000000
64 38 0.000000
64 39 0.000000
64 40 0.000000
64 41 0.000000
64 42 0.000000
64 43 0.000000
64 44 0.000000
64 45 0.000000
64 46 0.000000
64 47 0.000000
64 48 0.000000
64 49 0.000000
64 50 0.000000
64 51 0.000000
64 52 0.000000
64 53 0.000000
64 54 0.000000
64 55 0.000000
64 56 0.000000
64 57 0.000000
64 58 0.000000
64 59 0.000000
64 60 0.000000
64 61 0.000000
64 62 0.000000
64 63 0.000000
64 64 0.000000

